crossing time (s)	slope (V/s)	crossing number
281474976710655.000000	-5.438890	7552	404805681152.000000
281474976710655.000000	-5.565512	7553	404806729728.000000
281474976710655.000000	-6.151361	7554	404807745536.000000
281474976710655.000000	-5.688436	7555	404808794112.000000
281474976710655.000000	-5.334308	7556	404809842688.000000
281474976710655.000000	-5.571792	7557	404810891264.000000
281474976710655.000000	-5.651777	7558	404811907072.000000
281474976710655.000000	-5.890770	7559	404812988416.000000
281474976710655.000000	-5.369431	7560	404814004224.000000
281474976710655.000000	-4.908032	7561	404815052800.000000
281474976710655.000000	-5.634398	7562	404816068608.000000
281474976710655.000000	-5.090230	7563	404817149952.000000
281474976710655.000000	-5.367272	7564	404818165760.000000
281474976710655.000000	-4.971428	7565	404819214336.000000
281474976710655.000000	-5.085163	7566	404820230144.000000
281474976710655.000000	-5.505112	7567	404821311488.000000
281474976710655.000000	-5.470503	7568	404822327296.000000
281474976710655.000000	-4.761343	7569	404823375872.000000
281474976710655.000000	-4.643111	7570	404824391680.000000
281474976710655.000000	-4.665493	7571	404825440256.000000
281474976710655.000000	-5.126233	7572	404826488832.000000
281474976710655.000000	-5.190593	7573	404827537408.000000
281474976710655.000000	-5.176129	7574	404828553216.000000
281474976710655.000000	-4.691574	7575	404829601792.000000
281474976710655.000000	-4.559717	7576	404830650368.000000
281474976710655.000000	-4.389835	7577	404831698944.000000
281474976710655.000000	-4.804566	7578	404832714752.000000
281474976710655.000000	-4.806066	7579	404833763328.000000
281474976710655.000000	-4.865247	7580	404834811904.000000
281474976710655.000000	-4.453936	7581	404835860480.000000
281474976710655.000000	-4.288661	7582	404836876288.000000
281474976710655.000000	-4.229357	7583	404837924864.000000
281474976710655.000000	-4.423290	7584	404838973440.000000
281474976710655.000000	-4.493101	7585	404840022016.000000
281474976710655.000000	-4.685968	7586	404841037824.000000
281474976710655.000000	-3.921241	7587	404842086400.000000
281474976710655.000000	-4.336919	7588	404843102208.000000
281474976710655.000000	-3.930736	7589	404844183552.000000
281474976710655.000000	-4.314962	7590	404845199360.000000
281474976710655.000000	-3.983701	7591	404846280704.000000
281474976710655.000000	-3.937459	7592	404847263744.000000
281474976710655.000000	-4.148966	7593	404848345088.000000
281474976710655.000000	-3.991185	7594	404849360896.000000
281474976710655.000000	-3.936564	7595	404850409472.000000
281474976710655.000000	-3.993275	7596	404851425280.000000
281474976710655.000000	-3.740941	7597	404852506624.000000
281474976710655.000000	-3.863307	7598	404853522432.000000
281474976710655.000000	-3.626871	7599	404854571008.000000
281474976710655.000000	-3.893595	7600	404855619584.000000
281474976710655.000000	-3.621543	7601	404856668160.000000
281474976710655.000000	-3.673906	7602	404857683968.000000
281474976710655.000000	-3.478823	7603	404858732544.000000
281474976710655.000000	-3.622398	7604	404859781120.000000
281474976710655.000000	-3.321375	7605	404860829696.000000
281474976710655.000000	-3.741866	7606	404861845504.000000
281474976710655.000000	-3.265566	7607	404862926848.000000
281474976710655.000000	-3.425599	7608	404863909888.000000
281474976710655.000000	-3.176527	7609	404864991232.000000
281474976710655.000000	-3.375945	7610	404866007040.000000
281474976710655.000000	-3.060521	7611	404867055616.000000
281474976710655.000000	-3.451738	7612	404868071424.000000
281474976710655.000000	-2.978679	7613	404869152768.000000
281474976710655.000000	-3.229506	7614	404870168576.000000
281474976710655.000000	-2.966773	7615	404871249920.000000
281474976710655.000000	-3.136961	7616	404872232960.000000
281474976710655.000000	-2.909201	7617	404873314304.000000
281474976710655.000000	-3.130638	7618	404874330112.000000
281474976710655.000000	-2.740355	7619	404875378688.000000
281474976710655.000000	-3.018833	7620	404876394496.000000
281474976710655.000000	-2.692986	7621	404877475840.000000
281474976710655.000000	-2.999719	7622	404878491648.000000
281474976710655.000000	-2.636204	7623	404879540224.000000
281474976710655.000000	-2.866317	7624	404880556032.000000
281474976710655.000000	-2.562380	7625	404881637376.000000
281474976710655.000000	-2.795724	7626	404882653184.000000
281474976710655.000000	-2.588369	7627	404883701760.000000
281474976710655.000000	-2.666268	7628	404884717568.000000
281474976710655.000000	-2.529381	7629	404885798912.000000
281474976710655.000000	-2.575285	7630	404886814720.000000
281474976710655.000000	-2.392885	7631	404887863296.000000
281474976710655.000000	-2.518979	7632	404888879104.000000
281474976710655.000000	-2.355476	7633	404889960448.000000
281474976710655.000000	-2.436360	7634	404890976256.000000
281474976710655.000000	-2.293212	7635	404892057600.000000
281474976710655.000000	-2.371859	7636	404893040640.000000
281474976710655.000000	-2.158235	7637	404894121984.000000
281474976710655.000000	-2.306128	7638	404895137792.000000
281474976710655.000000	-2.142974	7639	404896219136.000000
281474976710655.000000	-2.308438	7640	404897202176.000000
281474976710655.000000	-1.987326	7641	404898283520.000000
281474976710655.000000	-2.219397	7642	404899266560.000000
281474976710655.000000	-1.883389	7643	404900380672.000000
281474976710655.000000	-2.150115	7644	404901363712.000000
281474976710655.000000	-1.776722	7645	404902445056.000000
281474976710655.000000	-2.162924	7646	404903460864.000000
281474976710655.000000	-1.646509	7647	404904542208.000000
281474976710655.000000	-2.143665	7648	404905525248.000000
281474976710655.000000	-1.767846	7649	404906606592.000000
281474976710655.000000	-2.090446	7650	404907622400.000000
281474976710655.000000	-1.618444	7651	404908703744.000000
281474976710655.000000	-2.094839	7652	404909686784.000000
281474976710655.000000	-2.038921	7653	404911882240.000000
281474976710655.000000	-2.040336	7654	404914044928.000000
281474976710655.000000	-2.055019	7655	404916109312.000000
281474976710655.000000	-1.995637	7656	404918206464.000000
281474976710655.000000	-1.963003	7657	404920270848.000000
281474976710655.000000	-1.907179	7658	404922368000.000000
281474976710655.000000	-1.867393	7659	404924432384.000000
281474976710655.000000	-1.495207	7660	404925448192.000000
281474976710655.000000	-1.941426	7661	404926332928.000000
281474976710655.000000	-1.680671	7662	404927414272.000000
281474976710655.000000	-1.804279	7663	404930691072.000000
281474976710655.000000	-1.681351	7664	404932820992.000000
281474976710655.000000	-1.712014	7665	404934852608.000000
281474976710655.000000	-1.662638	7666	404936916992.000000
281474976710655.000000	-1.690011	7667	404939014144.000000
281474976710655.000000	-1.749778	7668	404941078528.000000
281474976710655.000000	-1.590990	7669	404943175680.000000
281474976710655.000000	-1.758164	7670	404947468288.000000
281474976710655.000000	-1.766849	7671	404949565440.000000
281474976710655.000000	-1.711083	7672	404951465984.000000
281474976710655.000000	-1.687988	7673	404953563136.000000
281474976710655.000000	-1.569684	7674	404955627520.000000
281474976710655.000000	-1.636544	7675	404957724672.000000
281474976710655.000000	-1.644057	7676	404962050048.000000
281474976710655.000000	-1.546804	7677	404964114432.000000
281474976710655.000000	-1.451539	7678	404966014976.000000
281474976710655.000000	-1.488112	7679	404970340352.000000
281474976710655.000000	-1.388722	7680	404972437504.000000
281474976710655.000000	-1.545453	7681	404974338048.000000
281474976710655.000000	-1.549657	7682	404976402432.000000
281474976710655.000000	-1.413248	7683	404978499584.000000
281474976710655.000000	-1.449903	7684	404980563968.000000
281474976710655.000000	-1.308743	7685	404982628352.000000
281474976710655.000000	-1.486920	7686	404984725504.000000
281474976710655.000000	-1.398991	7687	0.000000
281474976710655.000000	-1.330028	7688	0.000000
281474976710655.000000	-1.406101	7689	405011759104.000000
281474976710655.000000	-1.324956	7690	405016117248.000000
281474976710655.000000	-1.382997	7691	0.000000
281474976710655.000000	-1.372551	7692	0.000000
281474976710655.000000	-1.352357	7693	405072117760.000000
281474976710655.000000	-1.304570	7694	405074182144.000000
281474976710655.000000	-1.343216	7695	405076279296.000000
281474976710655.000000	-1.336483	7696	0.000000
281474976710655.000000	-1.359720	7697	0.000000
281474976710655.000000	-1.355640	7698	0.000000
