time (s)	coil I (A)	last det (V)	int current (uC)
409114.217897	0.412506	137.890625	57.324219
409114.219898	0.746705	137.890625	57.324219
409114.221899	1.066435	137.890625	57.324219
409114.223901	1.307245	137.890625	57.324219
409114.225901	1.327411	137.890625	57.324219
409114.227901	1.324073	14.564808	-0.002020
409115.269866	0.969788	-32.226562	-475.000000
409115.271868	1.258770	-32.226562	-475.000000
409115.273868	1.328920	-32.226562	-475.000000
409115.275868	1.324858	14.573441	0.263463
409116.282420	0.434877	139.941406	57.421875
409116.284421	0.768226	139.941406	57.421875
409116.286422	1.086747	139.941406	57.421875
409116.288421	1.313497	139.941406	57.421875
409116.290421	1.326786	139.941406	57.421875
409116.292422	1.323540	14.558941	0.001933
409117.332410	0.670462	-26.757812	-485.937500
409117.334412	0.994279	-26.757812	-485.937500
409117.336411	1.273487	-26.757812	-485.937500
409117.340410	1.324197	-26.757812	-485.937500
409117.342415	1.321862	14.540481	0.003589
409118.380428	0.578911	131.445312	57.031250
409118.382430	0.907526	131.445312	57.031250
409118.386429	1.329968	131.445312	57.031250
409118.388431	1.325789	131.445312	57.031250
409118.390432	1.323211	14.555317	-0.001076
409119.428470	0.490428	-35.351562	-464.941406
409119.430471	0.821810	-35.351562	-464.941406
409119.434469	1.325362	-35.351562	-464.941406
409119.436471	1.326342	-35.351562	-464.941406
409119.438473	1.326137	14.587503	-0.002695
409120.446483	0.852106	143.945312	57.421875
409120.448482	1.164129	143.945312	57.421875
409120.450483	1.328528	143.945312	57.421875
409120.452483	1.326161	14.587770	-0.002978
409121.495107	0.860586	-22.949219	-490.429687
409121.497110	1.171958	-22.949219	-490.429687
409121.499109	1.329269	-22.949219	-490.429687
409121.501111	1.326471	14.591182	0.000627
409122.541659	0.528030	127.148437	58.007812
409122.543660	0.858135	127.148437	58.007812
409122.547658	1.328312	127.148437	58.007812
409122.549658	1.325599	127.148437	58.007812
409122.551659	1.322813	14.550938	-0.000579
409123.589670	0.433417	-37.500000	-457.714844
409123.591671	0.766679	-37.500000	-457.714844
409123.593673	1.085135	-37.500000	-457.714844
409123.595672	1.312755	-37.500000	-457.714844
409123.597672	1.326403	-37.500000	-457.714844
409123.599671	1.323214	14.555352	0.003110
409124.607710	0.803068	136.035156	58.691406
409124.609713	1.118794	136.035156	58.691406
409124.611713	1.321355	136.035156	58.691406
409124.613711	1.325685	136.035156	58.691406
409124.615710	1.322656	14.549219	0.001086
409125.653728	0.377613	-24.707031	-485.449219
409125.655738	0.712971	-24.707031	-485.449219
409125.657737	1.035876	-24.707031	-485.449219
409125.659738	1.294783	-24.707031	-485.449219
409125.661738	1.327432	-24.707031	-485.449219
409125.663739	1.323905	14.562955	0.006644
409126.703783	0.624723	131.054687	59.179687
409126.705786	0.950773	131.054687	59.179687
409126.707785	1.245686	131.054687	59.179687
409126.709785	1.328963	131.054687	59.179687
409126.711784	1.324778	14.572563	0.163972
409127.751798	0.530615	-34.277344	-463.671875
409127.753802	0.550227	-34.277344	-463.671875
409127.755803	1.171776	-34.277344	-463.671875
409127.757806	1.328733	-34.277344	-463.671875
409127.759806	1.325801	14.583809	0.002086
409128.768337	0.652947	138.378906	60.449219
409128.770339	0.977428	138.378906	60.449219
409128.772340	1.262996	138.378906	60.449219
409128.774340	1.327431	138.378906	60.449219
409128.776339	1.323556	14.559118	0.004804
409129.816321	0.554298	-27.343750	-477.734375
409129.818324	0.883465	-27.343750	-477.734375
409129.820323	1.192338	-27.343750	-477.734375
409129.822323	1.329782	-27.343750	-477.734375
409129.824324	1.326043	14.586475	0.007868
409130.864324	0.458632	138.281250	61.425781
409130.866327	0.790868	138.281250	61.425781
409130.870326	1.319288	138.281250	61.425781
409130.874325	1.323426	138.281250	61.425781
409130.876328	1.321328	14.534605	0.000670
409131.913338	0.531993	-34.667969	-461.035156
409131.915340	0.545078	-34.667969	-461.035156
409131.917341	1.173007	-34.667969	-461.035156
409131.919344	1.329023	-34.667969	-461.035156
409131.921349	1.326068	14.586751	0.002046
409132.929377	0.570511	138.574219	61.914062
409132.931378	0.899092	138.574219	61.914062
409132.933379	1.205660	138.574219	61.914062
409132.935379	1.329288	138.574219	61.914062
409132.937380	1.325159	14.576746	0.005075
409133.977441	0.485439	-26.074219	-478.320312
409133.979443	0.816793	-26.074219	-478.320312
409133.981444	1.131344	-26.074219	-478.320312
409133.983443	1.323356	-26.074219	-478.320312
409133.987443	1.322054	-26.074219	-478.320312
409133.989445	1.319916	14.519079	0.005225
409135.025478	0.395118	131.152344	63.378906
409135.027481	0.729615	131.152344	63.378906
409135.029479	1.050020	131.152344	63.378906
409135.031481	1.300426	131.152344	63.378906
409135.033480	1.326520	131.152344	63.378906
409135.035482	1.323224	14.555468	0.002105
409136.073500	0.296832	-33.007812	-460.058594
409136.075502	0.635876	-33.007812	-460.058594
409136.077502	0.961239	-33.007812	-460.058594
409136.079502	1.252485	-33.007812	-460.058594
409136.081502	1.327575	-33.007812	-460.058594
409136.083503	1.323538	14.558923	-0.000686
409137.089525	0.336272	143.359375	64.355469
409137.091527	0.673383	143.359375	64.355469
409137.093525	0.996801	143.359375	64.355469
409137.095526	1.274652	143.359375	64.355469
409137.097526	1.327495	143.359375	64.355469
409137.099526	1.323739	14.561130	0.005885
409138.140530	0.741103	-16.308594	-489.843750
409138.142531	1.060888	-16.308594	-489.843750
409138.144530	1.304681	-16.308594	-489.843750
409138.146531	1.326474	-16.308594	-489.843750
409138.148532	1.323205	14.555254	0.005599
409139.188553	0.648677	123.925781	64.941406
409139.190554	0.973388	123.925781	64.941406
409139.192553	1.260641	123.925781	64.941406
409139.194553	1.327806	123.925781	64.941406
409139.196553	1.327646	14.604112	0.273350
409140.234030	1.660438	-27.246094	-462.597656
409140.239383	1.013397	-27.246094	-462.597656
409140.241384	1.283728	-27.246094	-462.597656
409140.243386	1.327311	-27.246094	-462.597656
409140.245388	1.323704	14.560749	0.002767
409141.255905	1.125166	130.566406	64.550781
409141.257908	1.322367	130.566406	64.550781
409141.261908	1.322327	130.566406	64.550781
409141.263909	1.320291	14.523199	0.003032
409142.299921	0.383253	-20.117187	-471.289062
409142.301922	0.718270	-20.117187	-471.289062
409142.303922	1.039400	-20.117187	-471.289062
409142.305922	1.295900	-20.117187	-471.289062
409142.307921	1.326662	-20.117187	-471.289062
409142.309921	1.323165	14.554819	0.010727
409143.349932	0.624187	128.320312	64.160156
409143.351932	0.950216	128.320312	64.160156
409143.353932	1.245188	128.320312	64.160156
409143.355933	1.328732	128.320312	64.160156
409143.357932	1.324541	14.569948	0.000852
409144.398427	0.611089	-24.707031	-458.789062
409144.400429	0.937843	-24.707031	-458.789062
409144.402429	1.236632	-24.707031	-458.789062
409144.406427	1.326486	-24.707031	-458.789062
409144.408429	1.323969	14.563655	0.005911
409145.415011	0.740156	140.820312	64.062500
409145.417012	1.059966	140.820312	64.062500
409145.419013	1.304065	140.820312	64.062500
409145.421013	1.326153	140.820312	64.062500
409145.423014	1.322867	14.551541	0.002722
409146.461032	0.307502	-16.894531	-471.191406
409146.463034	0.645991	-16.894531	-471.191406
409146.465035	0.970792	-16.894531	-471.191406
409146.467032	1.258873	-16.894531	-471.191406
409146.469033	1.327704	-16.894531	-471.191406
409146.471036	1.323748	14.561228	0.013167
409147.511062	0.555510	126.660156	63.769531
409147.513062	0.884617	126.660156	63.769531
409147.515062	1.193333	126.660156	63.769531
409147.517061	1.328791	126.660156	63.769531
409147.519062	1.324972	14.574690	0.001175
409148.559155	0.476010	-32.031250	-443.652344
409148.561157	0.807638	-32.031250	-443.652344
409148.563158	1.123037	-32.031250	-443.652344
409148.565156	1.322199	-32.031250	-443.652344
409148.567157	1.325540	-32.031250	-443.652344
409148.569158	1.322604	14.548643	0.010732
409149.575192	0.514313	140.039062	63.183594
409149.577193	0.844657	140.039062	63.183594
409149.579193	1.157217	140.039062	63.183594
409149.581194	1.327408	140.039062	63.183594
409149.585190	1.322833	14.551160	0.001437
409150.624162	0.579419	-18.652344	-468.945312
409150.626166	0.907746	-18.652344	-468.945312
409150.628164	1.212941	-18.652344	-468.945312
409150.630165	1.329420	-18.652344	-468.945312
409150.632165	1.325284	14.578128	0.010889
409151.672746	0.581109	131.054687	62.500000
409151.674747	0.909386	131.054687	62.500000
409151.676748	0.919194	131.054687	62.500000
409151.680746	1.325336	131.054687	62.500000
409151.682748	1.322839	14.551230	0.001490
409152.721698	0.643863	-29.003906	-453.808594
409152.723698	0.968870	-29.003906	-453.808594
409152.725698	1.257794	-29.003906	-453.808594
409152.727698	1.328061	-29.003906	-453.808594
409152.729698	1.324112	14.565232	0.265860
409153.737726	0.680931	133.496094	62.109375
409153.739727	1.003904	133.496094	62.109375
409153.741726	1.279040	133.496094	62.109375
409153.743727	1.328202	133.496094	62.109375
409153.745728	1.324509	14.569594	0.002153
409154.785752	0.589511	-29.296875	-454.296875
409154.787755	0.917319	-29.296875	-454.296875
409154.789753	1.220712	-29.296875	-454.296875
409154.791755	1.329759	-29.296875	-454.296875
409154.793753	1.325590	14.581495	0.010601
409155.837765	1.140497	132.617187	62.792969
409155.839765	1.325846	132.617187	62.792969
409155.841767	1.326144	132.617187	62.792969
409155.843766	1.323269	14.555954	0.000069
409156.882334	0.495605	-37.109375	-440.820312
409156.886334	1.140585	-37.109375	-440.820312
409156.888338	1.325496	-37.109375	-440.820312
409156.890337	1.326096	-37.109375	-440.820312
409156.892337	1.322915	14.552063	0.005722
409157.930402	0.409567	121.875000	62.988281
409157.932406	0.743622	121.875000	62.988281
409157.934405	1.063286	121.875000	62.988281
409157.936404	1.305830	121.875000	62.988281
409157.938403	1.327004	121.875000	62.988281
409157.940404	1.323671	14.560377	-0.001544
409158.948465	0.783703	-24.902344	-463.378906
409158.950466	1.100856	-24.902344	-463.378906
409158.952466	1.317222	-24.902344	-463.378906
409158.954467	1.326056	-24.902344	-463.378906
409158.956466	1.322888	14.551763	0.004878
409159.997018	0.779801	134.472656	62.792969
409159.999022	1.097239	134.472656	62.792969
409160.001020	1.316485	134.472656	62.792969
409160.003020	1.326495	134.472656	62.792969
409160.005020	1.323345	14.556796	-0.002746
409161.043599	0.448907	-39.160156	-438.671875
409161.045602	0.781479	-39.160156	-438.671875
409161.047600	1.098824	-39.160156	-438.671875
409161.049601	1.316697	-39.160156	-438.671875
409161.051603	1.326130	-39.160156	-438.671875
409161.053602	1.323034	14.553376	0.006696
409162.093612	0.689640	125.585937	63.769531
409162.095615	1.012227	125.585937	63.769531
409162.097614	1.283240	125.585937	63.769531
409162.099614	1.327660	125.585937	63.769531
409162.101615	1.323939	14.563328	0.000506
409163.108136	0.475451	-29.101562	-455.468750
409163.110138	0.807108	-29.101562	-455.468750
409163.112137	1.122505	-29.101562	-455.468750
409163.114138	1.322262	-29.101562	-455.468750
409163.116137	1.325750	-29.101562	-455.468750
409163.120138	1.320760	14.528365	0.010984
409164.156144	0.378993	131.933594	64.062500
409164.158144	0.714207	131.933594	64.062500
409164.160144	1.035510	131.933594	64.062500
409164.162144	1.294441	131.933594	64.062500
409164.164144	1.327112	131.933594	64.062500
409164.166144	1.323615	14.559765	0.003531
409165.206163	0.620277	-37.402344	-439.355469
409165.208165	0.946472	-37.402344	-439.355469
409165.210164	1.242712	-37.402344	-439.355469
409165.212164	1.329075	-37.402344	-439.355469
409165.214163	1.324907	14.573980	0.150866
409166.256699	0.939767	125.781250	64.453125
409166.258699	1.238497	125.781250	64.453125
409166.260701	1.332732	125.781250	64.453125
409166.262699	1.328554	14.614090	0.115304
409167.271232	0.734330	-34.570312	-442.187500
409167.275232	1.302304	-34.570312	-442.187500
409167.277234	1.326840	-34.570312	-442.187500
409167.281231	1.321358	14.534942	0.010613
409168.317294	0.310743	130.175781	64.843750
409168.319297	0.649200	130.175781	64.843750
409168.321298	0.973917	130.175781	64.843750
409168.323296	1.261162	130.175781	64.843750
409168.325296	1.328342	130.175781	64.843750
409168.327295	1.324330	14.567635	0.007916
409169.367330	0.559606	-38.769531	-432.031250
409169.369331	0.888552	-38.769531	-432.031250
409169.371329	1.196825	-38.769531	-432.031250
409169.373329	1.330293	-38.769531	-432.031250
409169.375331	1.326441	14.590855	0.010624
409170.417335	0.796910	125.097656	65.039062
409170.419337	1.113064	125.097656	65.039062
409170.423334	1.326378	125.097656	65.039062
409170.425336	1.323313	125.097656	65.039062
409170.427337	1.321341	14.534746	0.000099
409171.431898	0.591065	-24.023437	-452.343750
409171.433901	0.918778	-24.023437	-452.343750
409171.435901	1.221739	-24.023437	-452.343750
409171.437900	1.329308	-24.023437	-452.343750
409171.439900	1.325099	14.576089	0.011872
409172.480413	0.580399	131.835937	65.429687
409172.484414	0.917318	131.835937	65.429687
409172.486415	1.328810	131.835937	65.429687
409172.488416	1.324695	14.571641	0.002205
409173.528935	0.571387	-33.984375	-434.570312
409173.532935	1.206406	-33.984375	-434.570312
409173.534936	1.328778	-33.984375	-434.570312
409173.536937	1.324715	14.571871	0.008844
409174.577459	0.562432	121.484375	66.406250
409174.579463	0.891274	121.484375	66.406250
409174.581463	1.199128	121.484375	66.406250
409174.583462	1.330171	121.484375	66.406250
409174.585462	1.326215	14.588364	-0.000131
409175.595497	0.928367	-30.957031	-435.253906
409175.597499	1.229448	-30.957031	-435.253906
409175.599499	1.330419	-30.957031	-435.253906
409175.601500	1.326283	14.589108	0.066883
409176.643530	0.841849	129.492187	66.699219
409176.645531	1.154564	129.492187	66.699219
409176.647531	1.326506	129.492187	66.699219
409176.649533	1.324915	14.574060	0.001829
409177.690081	0.506860	-31.445312	-431.640625
409177.692080	0.837467	-31.445312	-431.640625
409177.694084	0.859853	-31.445312	-431.640625
409177.696087	1.326662	-31.445312	-431.640625
409177.698086	1.325507	-31.445312	-431.640625
409177.700086	1.322643	14.549068	0.005484
409178.738641	0.504246	122.167969	68.359375
409178.740644	0.834906	122.167969	68.359375
409178.742656	1.148177	122.167969	68.359375
409178.744652	1.326582	122.167969	68.359375
409178.746653	1.325640	122.167969	68.359375
409178.748652	1.322858	14.551435	-0.005259
409179.787600	0.567413	-42.285156	-412.011719
409179.789603	0.896208	-42.285156	-412.011719
409179.791601	1.203320	-42.285156	-412.011719
409179.793603	1.329753	-42.285156	-412.011719
409179.795602	1.325748	14.583233	0.003522
409180.803646	0.608191	129.003906	68.847656
409180.807645	1.233817	129.003906	68.847656
409180.809647	1.328096	129.003906	68.847656
409180.811649	1.323911	14.563018	0.004624
409181.852199	0.603968	-30.273437	-430.664062
409181.854201	0.930948	-30.273437	-430.664062
409181.856200	1.231168	-30.273437	-430.664062
409181.858199	1.329343	-30.273437	-430.664062
409181.860202	1.325141	14.576550	0.073366
409182.900714	0.592907	122.460937	70.410156
409182.904717	1.223575	122.460937	70.410156
409182.906720	1.329380	122.460937	70.410156
409182.908720	1.325130	14.576435	0.007224
409183.948708	0.495681	-39.062500	-417.089844
409183.950710	0.826632	-39.062500	-417.089844
409183.954709	1.325255	-39.062500	-417.089844
409183.956710	1.325529	-39.062500	-417.089844
409183.958710	1.322575	14.548324	0.009131
409184.965300	0.627309	124.121094	71.191406
409184.969299	1.247217	124.121094	71.191406
409184.971299	1.328347	124.121094	71.191406
409184.973299	1.324165	14.565818	0.186678
409186.015301	0.860960	-31.054687	-431.152344
409186.017303	1.172158	-31.054687	-431.152344
409186.019304	1.327659	-31.054687	-431.152344
409186.021303	1.324737	14.572110	0.010180
409187.061882	0.532908	119.824219	71.777344
409187.063884	0.862678	119.824219	71.777344
409187.065884	1.173741	119.824219	71.777344
409187.067885	1.328447	119.824219	71.777344
409187.069885	1.325489	14.580379	0.005764
409188.077904	0.568154	-29.003906	-437.011719
409188.079905	0.896799	-29.003906	-437.011719
409188.083902	1.329459	-29.003906	-437.011719
409188.085905	1.325355	-29.003906	-437.011719
409188.087904	1.322726	14.549990	0.011742
409189.125915	0.474949	127.050781	73.242187
409189.127918	0.806495	127.050781	73.242187
409189.131918	1.129005	127.050781	73.242187
409189.133919	1.325752	127.050781	73.242187
409189.135917	1.322784	14.550629	0.005509
409190.173966	0.385115	-38.574219	-425.000000
409190.175967	0.719901	-38.574219	-425.000000
409190.177965	1.040706	-38.574219	-425.000000
409190.179968	1.296210	-38.574219	-425.000000
409190.181966	1.326150	-38.574219	-425.000000
409190.183967	1.322762	14.550380	0.006892
409191.223993	0.629143	124.511719	73.046875
409191.225995	0.954733	124.511719	73.046875
409191.227995	0.964873	124.511719	73.046875
409191.229996	1.328768	124.511719	73.046875
409191.231996	1.324663	14.571295	0.001922
409192.238551	0.420001	-31.738281	-436.816406
409192.240555	0.753330	-31.738281	-436.816406
409192.242553	1.072373	-31.738281	-436.816406
409192.244553	1.308226	-31.738281	-436.816406
409192.246553	1.325745	-31.738281	-436.816406
409192.248555	1.322591	14.548502	0.013003
409193.288589	0.663729	135.156250	73.437500
409193.290592	0.987535	135.156250	73.437500
409193.292593	1.269359	135.156250	73.437500
409193.294592	1.327373	135.156250	73.437500
409193.296591	1.323546	14.559003	0.360264
409194.336608	0.570376	-37.011719	-430.175781
409194.338609	0.898813	-37.011719	-430.175781
409194.340608	1.205323	-37.011719	-430.175781
409194.342611	1.329467	-37.011719	-430.175781
409194.344610	1.325490	14.580387	0.004424
409195.383489	0.282159	125.390625	72.363281
409195.385489	0.621877	125.390625	72.363281
409195.387489	0.947803	125.390625	72.363281
409195.389489	1.243429	125.390625	72.363281
409195.391488	1.328736	125.390625	72.363281
409195.393490	1.324624	14.570861	0.004622
409196.403548	0.986789	-39.160156	-426.660156
409196.405548	1.268577	-39.160156	-426.660156
409196.409547	1.323194	-39.160156	-426.660156
409196.411549	1.320802	14.528827	0.354840
409197.449610	0.576358	129.101562	72.363281
409197.451611	0.904687	129.101562	72.363281
409197.455612	1.329235	129.101562	72.363281
409197.457613	1.325096	129.101562	72.363281
409197.459613	1.322570	14.548271	0.009860
409198.499691	0.823457	-43.554687	-420.410156
409198.501693	1.137596	-43.554687	-420.410156
409198.503693	1.324976	-43.554687	-420.410156
409198.505691	1.325687	-43.554687	-420.410156
409198.507693	1.322807	14.550877	0.009651
409199.546254	0.490826	124.707031	71.679687
409199.548257	0.821915	124.707031	71.679687
409199.550256	1.136073	124.707031	71.679687
409199.552255	1.324315	124.707031	71.679687
409199.554256	1.325242	124.707031	71.679687
409199.556257	1.322339	14.545727	0.006067
409200.564259	0.852414	-31.054687	-437.207031
409200.566261	1.164189	-31.054687	-437.207031
409200.568259	1.327224	-31.054687	-437.207031
409200.570263	1.324814	14.572952	0.011652
409201.614877	1.171965	136.425781	71.386719
409201.616880	1.178011	136.425781	71.386719
409201.618881	1.324622	14.570843	0.008541
409202.661399	0.851472	-44.335937	-417.382812
409202.663402	0.865062	-44.335937	-417.382812
409202.665402	1.327639	-44.335937	-417.382812
409202.667402	1.325300	14.578305	0.008424
409203.709915	0.840776	128.320312	71.679687
409203.711918	1.153570	128.320312	71.679687
409203.713919	1.326432	128.320312	71.679687
409203.715919	1.324873	14.573599	0.006416
409204.724495	0.640766	-40.039062	-422.167969
409204.726495	0.965787	-40.039062	-422.167969
409204.728497	1.255700	-40.039062	-422.167969
409204.730497	1.327943	-40.039062	-422.167969
409204.732496	1.323952	14.563469	0.255926
409205.772524	0.550306	133.593750	71.777344
409205.774527	0.879465	133.593750	71.777344
409205.776527	1.188617	133.593750	71.777344
409205.778526	1.328434	133.593750	71.777344
409205.780526	1.324734	14.572075	0.009745
409206.822515	0.785571	-43.554687	-414.160156
409206.824519	1.102491	-43.554687	-414.160156
409206.826517	1.317367	-43.554687	-414.160156
409206.828517	1.325643	-43.554687	-414.160156
409206.830517	1.322503	14.547535	0.007950
409207.869059	0.447901	123.730469	70.703125
409207.871063	0.780358	123.730469	70.703125
409207.873062	1.097618	123.730469	70.703125
409207.875061	1.316052	123.730469	70.703125
409207.877060	1.325771	123.730469	70.703125
409207.879063	1.322643	14.549077	0.003531
409208.885095	0.486401	-35.253906	-425.292969
409208.887098	0.817559	-35.253906	-425.292969
409208.889096	1.132046	-35.253906	-425.292969
409208.891096	1.323878	-35.253906	-425.292969
409208.893096	1.325455	-35.253906	-425.292969
409208.895096	1.322556	14.548120	0.015545
409209.933116	0.392708	133.203125	72.070312
409209.935116	0.727437	133.203125	72.070312
409209.937116	1.048029	133.203125	72.070312
409209.939116	1.299906	133.203125	72.070312
409209.941117	1.327117	133.203125	72.070312
409209.943116	1.323658	14.560235	0.008621
409210.983163	0.639693	-45.117187	-412.402344
409210.985165	0.964709	-45.117187	-412.402344
409210.987166	0.977722	-45.117187	-412.402344
409210.991164	1.323488	-45.117187	-412.402344
409210.993164	1.321105	14.532150	0.004159
409212.029686	0.289138	126.074219	72.949219
409212.031687	0.628463	126.074219	72.949219
409212.033688	0.954121	126.074219	72.949219
409212.035687	1.247760	126.074219	72.949219
409212.037688	1.328144	126.074219	72.949219
409212.039688	1.324041	14.564454	0.004334
409213.079708	0.536672	-63.183594	-384.570312
409213.081711	0.866235	-63.183594	-384.570312
409213.083709	1.176880	-63.183594	-384.570312
409213.085711	1.328041	-63.183594	-384.570312
409213.087710	1.324801	14.572811	0.005780
409214.095743	0.575427	129.785156	74.121094
409214.097746	0.903823	129.785156	74.121094
409214.101742	1.329613	129.785156	74.121094
409214.103744	1.325497	129.785156	74.121094
409214.105745	1.322897	14.551869	0.011412
409215.145839	0.826623	-44.824219	-409.960937
409215.147841	1.140393	-44.824219	-409.960937
409215.149840	1.324672	-44.824219	-409.960937
409215.151841	1.325689	-44.824219	-409.960937
409215.153840	1.322008	14.542093	0.011193
409216.192402	0.493234	127.539062	75.000000
409216.194403	0.824172	127.539062	75.000000
409216.196403	1.138205	127.539062	75.000000
409216.198406	1.324555	127.539062	75.000000
409216.200406	1.326006	127.539062	75.000000
409216.202405	1.322215	14.544362	0.005303
409217.240960	0.488472	-52.832031	-397.656250
409217.242967	0.819541	-52.832031	-397.656250
409217.244964	1.134105	-52.832031	-397.656250
409217.246964	1.323998	-52.832031	-397.656250
409217.248965	1.325111	-52.832031	-397.656250
409217.250965	1.322282	14.545107	0.007468
409218.259933	1.005524	135.742187	76.269531
409218.261936	1.279038	135.742187	76.269531
409218.263936	1.326166	135.742187	76.269531
409218.265934	1.322538	14.547915	0.014633
409219.310467	1.275919	-39.648437	-413.769531
409219.312467	1.327157	-39.648437	-413.769531
409219.314468	1.323381	14.557186	0.009986
409220.354494	0.583299	125.683594	77.148437
409220.358495	1.215911	125.683594	77.148437
409220.360496	1.328845	125.683594	77.148437
409220.362498	1.324705	14.571756	0.007452
409221.405033	0.904801	-60.937500	-382.031250
409221.407034	1.210824	-60.937500	-382.031250
409221.409034	1.330748	-60.937500	-382.031250
409221.411034	1.326660	14.593265	0.002266
409222.417072	0.277067	133.886719	78.222656
409222.419075	0.617222	133.886719	78.222656
409222.423073	1.240823	133.886719	78.222656
409222.425075	1.328661	133.886719	78.222656
409222.427075	1.324533	14.569859	0.012002
409223.466095	0.356129	-41.015625	-406.640625
409223.468096	0.692187	-41.015625	-406.640625
409223.470096	1.014470	-41.015625	-406.640625
409223.472097	1.284096	-41.015625	-406.640625
409223.474096	1.326986	-41.015625	-406.640625
409223.476097	1.323320	14.556521	0.011890
409224.516144	0.604154	123.632812	78.613281
409224.518147	0.931029	123.632812	78.613281
409224.520146	1.231079	123.632812	78.613281
409224.522146	1.328632	123.632812	78.613281
409224.524146	1.324430	14.568725	0.004260
409225.564678	0.597593	-47.167969	-394.335937
409225.566676	0.925259	-47.167969	-394.335937
409225.568678	1.227295	-47.167969	-394.335937
409225.570679	1.330816	-47.167969	-394.335937
409225.572681	1.326678	14.593460	0.006755
409226.579237	0.387404	133.691406	79.296875
409226.581237	0.722396	133.691406	79.296875
409226.583236	1.043337	133.691406	79.296875
409226.585238	1.297768	133.691406	79.296875
409226.587238	1.326720	133.691406	79.296875
409226.589238	1.323361	14.556974	0.010181
409227.629218	0.623820	-32.324219	-409.277344
409227.631220	0.949968	-32.324219	-409.277344
409227.633220	1.245321	-32.324219	-409.277344
409227.635219	1.329097	-32.324219	-409.277344
409227.637220	1.324910	14.574007	0.012723
409228.679202	0.853617	122.851562	78.808594
409228.681204	1.165764	122.851562	78.808594
409228.683204	1.328644	122.851562	78.808594
409228.685205	1.326216	14.588373	0.004766
409229.725756	0.520996	-45.703125	-389.941406
409229.727758	0.851489	-45.703125	-389.941406
409229.729759	1.163858	-45.703125	-389.941406
409229.733757	1.326441	-45.703125	-389.941406
409229.735758	1.323712	14.560828	0.007891
409230.742375	0.652488	131.738281	79.003906
409230.744376	0.977334	131.738281	79.003906
409230.746378	1.263587	131.738281	79.003906
409230.748378	1.328788	131.738281	79.003906
409230.750378	1.324793	14.572721	0.301363
409231.790415	0.566642	-31.250000	-403.710937
409231.792415	0.895716	-31.250000	-403.710937
409231.796415	1.329940	-31.250000	-403.710937
409231.798417	1.326028	-31.250000	-403.710937
409231.800416	1.323424	14.557665	0.015898
409232.839357	0.626545	119.726562	78.222656
409232.841359	0.952773	119.726562	78.222656
409232.843359	1.247966	119.726562	78.222656
409232.845359	1.331488	119.726562	78.222656
409232.847358	1.327368	14.601046	0.176048
409233.887371	0.533795	-50.976562	-378.613281
409233.889372	0.864046	-50.976562	-378.613281
409233.891373	1.175375	-50.976562	-378.613281
409233.893373	1.330699	-50.976562	-378.613281
409233.895373	1.327803	14.605832	0.010142
409234.905389	0.897858	128.710937	78.320312
409234.909390	1.330194	128.710937	78.320312
409234.911392	1.326221	128.710937	78.320312
409234.913391	1.323594	14.559535	0.007324
409235.951997	0.574650	-34.179687	-397.070312
409235.953999	0.903497	-34.179687	-397.070312
409235.955998	1.209829	-34.179687	-397.070312
409235.957999	1.330696	-34.179687	-397.070312
409235.960001	1.326619	14.592804	0.014886
409237.000578	0.575248	121.289062	77.343750
409237.002581	0.904082	121.289062	77.343750
409237.004581	1.210275	121.289062	77.343750
409237.006581	1.330657	121.289062	77.343750
409237.008583	1.326603	14.592635	-0.001171
409238.049107	0.567803	-52.343750	-375.390625
409238.051107	0.896870	-52.343750	-375.390625
409238.053107	1.204222	-52.343750	-375.390625
409238.055109	1.209617	-52.343750	-375.390625
409238.057110	1.326674	14.593415	0.012290
409239.063148	0.266406	132.714844	77.539062
409239.065150	0.607384	132.714844	77.539062
409239.067150	0.934547	132.714844	77.539062
409239.069150	1.234571	132.714844	77.539062
409239.071149	1.331367	132.714844	77.539062
409239.073151	1.327186	14.599051	0.011078
409240.113149	0.513080	-36.035156	-392.089844
409240.115152	0.843816	-36.035156	-392.089844
409240.119159	1.329052	-36.035156	-392.089844
409240.121162	1.327426	-36.035156	-392.089844
409240.125158	1.322639	14.549033	0.020006
409241.161675	0.501905	122.460937	77.343750
409241.163675	0.833012	122.460937	77.343750
409241.165689	1.146735	122.460937	77.343750
409241.169683	1.326714	122.460937	77.343750
409241.171685	1.323894	122.460937	77.343750
409241.173685	1.321886	14.540747	0.008484
409242.212259	0.834355	-51.171875	-375.585937
409242.214273	1.148004	-51.171875	-375.585937
409242.216278	1.327549	-51.171875	-375.585937
409242.218277	1.326654	-51.171875	-375.585937
409242.220276	1.323773	14.561502	0.012743
409243.224793	0.284259	125.878906	77.734375
409243.228793	0.950469	125.878906	77.734375
409243.234792	1.325410	125.878906	77.734375
409243.236794	1.323073	125.878906	77.734375
409243.238793	1.321343	14.534774	0.008041
409244.274784	0.526009	-43.554687	-383.789062
409244.276787	0.856320	-43.554687	-383.789062
409244.278788	1.168295	-43.554687	-383.789062
409244.280787	1.329780	-43.554687	-383.789062
409244.282794	1.327281	14.600088	0.016781
409245.322840	0.439507	121.679687	77.441406
409245.324842	0.772758	121.679687	77.441406
409245.326842	1.091047	121.679687	77.441406
409245.328842	1.315446	121.679687	77.441406
409245.330842	1.327613	121.679687	77.441406
409245.332842	1.324376	14.568130	0.005224
409246.370831	0.337316	-58.105469	-367.187500
409246.372839	0.674719	-58.105469	-367.187500
409246.374843	0.999910	-58.105469	-367.187500
409246.378840	1.329060	-58.105469	-367.187500
409246.380844	1.325212	-58.105469	-367.187500
409246.382843	1.322987	14.552853	0.010000
409247.388890	0.717340	133.398437	77.929687
409247.390892	1.038628	133.398437	77.929687
409247.392892	1.296024	133.398437	77.929687
409247.394892	1.327198	133.398437	77.929687
409247.396891	1.323777	14.561546	0.007283
409248.437438	0.713169	-38.769531	-388.085937
409248.441439	1.294850	-38.769531	-388.085937
409248.443443	1.328188	-38.769531	-388.085937
409248.445450	1.324623	14.570851	0.018568
409249.484018	0.378624	121.875000	77.050781
409249.486022	0.714065	121.875000	77.050781
409249.488023	1.035920	121.875000	77.050781
409249.490024	1.295224	121.875000	77.050781
409249.494026	1.324502	121.875000	77.050781
409249.496027	1.322348	14.545834	0.006079
409250.532088	0.289825	-60.449219	-365.429687
409250.534088	0.629460	-60.449219	-365.429687
409250.536088	0.642498	-60.449219	-365.429687
409250.538088	1.249428	-60.449219	-365.429687
409250.540088	1.330012	-60.449219	-365.429687
409250.542089	1.325894	14.584837	0.015408
409251.548120	0.328917	126.953125	78.027344
409251.550119	0.666580	126.953125	78.027344
409251.552122	0.990620	126.953125	78.027344
409251.554121	1.271586	126.953125	78.027344
409251.556122	1.328539	126.953125	78.027344
409251.558120	1.324682	14.571499	0.009973
409252.598178	0.580109	-43.261719	-381.445312
409252.600182	0.908626	-43.261719	-381.445312
409252.602179	1.214630	-43.261719	-381.445312
409252.604181	1.331044	-43.261719	-381.445312
409252.606181	1.326967	14.596641	0.017990
409253.646723	0.574981	123.730469	78.417969
409253.648724	0.903770	123.730469	78.417969
409253.650724	1.210048	123.730469	78.417969
409253.652730	1.330766	123.730469	78.417969
409253.654733	1.326670	14.593370	0.005807
409254.695248	0.565708	-64.941406	-358.300781
409254.697250	0.894750	-64.941406	-358.300781
409254.699249	1.202512	-64.941406	-358.300781
409254.701251	1.331123	-64.941406	-358.300781
409254.703250	1.327277	14.600044	0.011116
409255.713270	0.927467	125.585937	78.906250
409255.715271	1.229034	125.585937	78.906250
409255.717271	1.330647	125.585937	78.906250
409255.719271	1.326497	14.591465	0.049125
409256.759278	0.507542	-37.304687	-383.984375
409256.763280	1.151665	-37.304687	-383.984375
409256.765278	1.327547	-37.304687	-383.984375
409256.767277	1.326456	14.591014	0.015268
409257.809277	0.744824	125.683594	79.492187
409257.811278	1.064705	125.683594	79.492187
409257.813279	1.074297	125.683594	79.492187
409257.815278	1.327157	125.683594	79.492187
409257.817278	1.323890	14.562787	0.002670
409258.857311	0.655153	-53.515625	-366.992187
409258.859313	0.979744	-53.515625	-366.992187
409258.861313	1.264995	-53.515625	-366.992187
409258.863314	1.328547	-53.515625	-366.992187
409258.865312	1.324597	14.570568	0.012519
409259.871830	0.438197	126.269531	80.078125
409259.873829	0.771286	126.269531	80.078125
409259.875829	1.089653	126.269531	80.078125
409259.877830	1.314511	126.269531	80.078125
409259.879830	1.326896	126.269531	80.078125
409259.881829	1.323742	14.561157	0.011783
409260.919871	0.346413	-42.773437	-376.367187
409260.921873	0.683281	-42.773437	-376.367187
409260.923874	1.006407	-42.773437	-376.367187
409260.925872	1.280481	-42.773437	-376.367187
409260.927873	1.328209	-42.773437	-376.367187
409260.929873	1.324474	14.569212	0.021556
409261.969887	0.591173	124.023437	80.371094
409261.971887	0.919107	124.023437	80.371094
409261.973888	1.222490	124.023437	80.371094
409261.975888	1.330673	124.023437	80.371094
409261.977888	1.326552	14.592069	0.010230
409263.018424	0.584310	-49.609375	-368.066406
409263.020426	0.912646	-49.609375	-368.066406
409263.022425	1.217324	-49.609375	-368.066406
409263.024426	1.330968	-49.609375	-368.066406
409263.026426	1.326843	14.595276	0.012330
409264.034471	0.623276	128.710937	81.738281
409264.036475	0.949529	128.710937	81.738281
409264.038476	1.245162	128.710937	81.738281
409264.040480	1.329730	128.710937	81.738281
409264.044478	1.323123	14.554350	0.012749
409265.082503	0.533511	-41.113281	-374.707031
409265.084506	0.863510	-41.113281	-374.707031
409265.086505	1.174771	-41.113281	-374.707031
409265.088506	1.328833	-41.113281	-374.707031
409265.092505	1.323120	14.554324	0.020259
409266.132527	0.775133	118.066406	81.933594
409266.134534	1.093173	118.066406	81.933594
409266.136536	1.315859	118.066406	81.933594
409266.138539	1.327029	118.066406	81.933594
409266.140538	1.323956	14.563514	0.007738
409267.178555	0.347017	-53.515625	-362.402344
409267.180557	0.683806	-53.515625	-362.402344
409267.182558	1.006799	-53.515625	-362.402344
409267.184557	1.280670	-53.515625	-362.402344
409267.186557	1.328098	-53.515625	-362.402344
409267.188557	1.324420	14.568619	0.013739
409268.194575	0.384277	129.296875	83.203125
409268.196575	0.719356	129.296875	83.203125
409268.198575	1.040524	129.296875	83.203125
409268.202573	1.327309	129.296875	83.203125
409268.204574	1.323917	129.296875	83.203125
409268.206574	1.321810	14.539905	0.012438
409269.244641	0.635699	-45.996094	-368.847656
409269.246645	0.961216	-45.996094	-368.847656
409269.248644	1.253169	-45.996094	-368.847656
409269.250646	1.329091	-45.996094	-368.847656
409269.252647	1.324945	14.574397	0.231786
409270.292669	0.543792	120.019531	82.812500
409270.294668	0.873428	120.019531	82.812500
409270.296670	1.183752	120.019531	82.812500
409270.298669	1.330719	120.019531	82.812500
409270.300668	1.327450	14.601949	0.009231
409271.344701	1.101116	-53.125000	-362.109375
409271.346704	1.318062	-53.125000	-362.109375
409271.348706	1.327130	-53.125000	-362.109375
409271.350704	1.323906	14.562964	0.015900
409272.357339	0.588076	131.640625	84.960937
409272.359340	0.916039	131.640625	84.960937
409272.361340	1.219918	131.640625	84.960937
409272.363340	1.330602	131.640625	84.960937
409272.365342	1.326443	14.590871	0.012920
409273.405335	0.491403	-34.375000	-379.394531
409273.407336	0.822697	-34.375000	-379.394531
409273.409336	1.137179	-34.375000	-379.394531
409273.411336	1.326410	-34.375000	-379.394531
409273.413337	1.327509	-34.375000	-379.394531
409273.415337	1.324447	14.568920	0.024101
409274.455892	0.821878	122.656250	85.253906
409274.457898	1.136330	122.656250	85.253906
409274.459904	1.325604	122.656250	85.253906
409274.461907	1.326507	122.656250	85.253906
409274.463907	1.323645	14.560094	0.008725
409275.502847	0.554416	-51.367187	-364.941406
409275.504847	0.883745	-51.367187	-364.941406
409275.506847	1.192865	-51.367187	-364.941406
409275.510847	1.325960	-51.367187	-364.941406
409275.512847	1.323283	14.556114	0.013907
409276.517407	0.342668	123.632812	86.035156
409276.519410	0.679561	123.632812	86.035156
409276.521410	1.002806	123.632812	86.035156
409276.523409	1.278689	123.632812	86.035156
409276.525410	1.328737	123.632812	86.035156
409276.527411	1.325055	14.575603	0.015057
409277.567473	0.592794	-40.625000	-375.488281
409277.569475	0.920603	-40.625000	-375.488281
409277.571475	1.223574	-40.625000	-375.488281
409277.573474	1.330353	-40.625000	-375.488281
409277.575474	1.326129	14.587423	0.032367
409278.615492	0.500578	119.824219	86.816406
409278.617493	0.831591	119.824219	86.816406
409278.619501	1.145321	119.824219	86.816406
409278.621496	1.328824	119.824219	86.816406
409278.623496	1.328825	14.617078	0.009373
409279.665540	0.421793	-58.886719	-359.179687
409279.669541	1.306902	-58.886719	-359.179687
409279.671542	1.327072	-58.886719	-359.179687
409279.675540	1.321675	14.538424	0.013669
409280.681546	0.778402	132.031250	87.890625
409280.683550	1.096078	132.031250	87.890625
409280.685550	1.316388	132.031250	87.890625
409280.687548	1.326689	132.031250	87.890625
409280.689549	1.326569	14.592255	0.013588
409281.730107	0.776111	-43.945312	-375.683594
409281.732106	1.093994	-43.945312	-375.683594
409281.734107	1.315796	-43.945312	-375.683594
409281.736106	1.326812	-43.945312	-375.683594
409281.738106	1.323667	14.560342	0.017448
409282.776650	0.437783	125.976562	88.476562
409282.778650	0.770800	125.976562	88.476562
409282.780650	1.089106	125.976562	88.476562
409282.782652	1.313986	125.976562	88.476562
409282.784651	1.326397	125.976562	88.476562
409282.786649	1.323312	14.556433	0.011409
409283.824659	0.340543	-55.273437	-364.746094
409283.826661	0.677500	-55.273437	-364.746094
409283.828660	1.000859	-55.273437	-364.746094
409283.830661	1.277221	-55.273437	-364.746094
409283.832659	1.327822	-55.273437	-364.746094
409283.834662	1.324137	14.565508	0.012242
409284.875585	0.735572	117.968750	88.281250
409284.877588	1.055877	117.968750	88.281250
409284.879592	1.303499	117.968750	88.281250
409284.881593	1.327145	117.968750	88.281250
409284.883593	1.323807	14.561874	0.006881
409285.892156	0.859254	-57.812500	-362.304687
409285.894157	1.170905	-57.812500	-362.304687
409285.896158	1.328298	-57.812500	-362.304687
409285.898159	1.325487	14.580361	0.017968
409286.938166	0.432270	126.269531	88.574219
409286.940168	0.765580	126.269531	88.574219
409286.944165	1.313052	126.269531	88.574219
409286.946166	1.327175	126.269531	88.574219
409286.948167	1.323990	14.563886	0.017990
409287.986718	0.430601	-59.179687	-361.718750
409287.988720	0.443938	-59.179687	-361.718750
409287.990721	1.082583	-59.179687	-361.718750
409287.992721	1.312220	-59.179687	-361.718750
409287.994721	1.326790	-59.179687	-361.718750
409287.996721	1.323558	14.559136	0.009886
409289.037663	0.821838	120.117187	88.085937
409289.039665	1.136255	120.117187	88.085937
409289.041664	1.325130	120.117187	88.085937
409289.043667	1.326112	120.117187	88.085937
409289.045667	1.323260	14.555857	0.009352
409290.050189	0.269698	-52.539062	-366.503906
409290.052192	0.610258	-52.539062	-366.503906
409290.054193	0.937010	-52.539062	-366.503906
409290.056191	1.236099	-52.539062	-366.503906
409290.058195	1.330232	-52.539062	-366.503906
409290.060193	1.326079	14.586866	0.018972
409291.102263	0.858323	127.832031	88.281250
409291.104264	1.169970	127.832031	88.281250
409291.106264	1.328706	127.832031	88.281250
409291.108265	1.326007	14.586077	0.013639
409292.148850	0.530326	-64.550781	-355.761719
409292.150854	0.860304	-64.550781	-355.761719
409292.152854	1.171810	-64.550781	-355.761719
409292.154854	1.329263	-64.550781	-355.761719
409292.156853	1.326525	14.591776	0.011283
409293.199379	0.852417	120.800781	87.597656
409293.201382	1.164543	120.800781	87.597656
409293.203381	1.329497	120.800781	87.597656
409293.205383	1.327224	14.599468	0.007289
409294.215930	0.971510	-58.203125	-359.765625
409294.217933	1.259648	-58.203125	-359.765625
409294.219932	1.328409	-58.203125	-359.765625
409294.221932	1.324294	14.567236	0.289603
409295.264052	0.898485	127.636719	87.695312
409295.266053	1.205528	127.636719	87.695312
409295.268055	1.330930	127.636719	87.695312
409295.270052	1.326997	14.596969	0.014202
409296.310630	0.570433	-69.140625	-350.000000
409296.312632	0.899230	-69.140625	-350.000000
409296.314633	1.206041	-69.140625	-350.000000
409296.316632	1.330221	-69.140625	-350.000000
409296.318633	1.326235	14.588586	0.011491
409297.358661	0.478465	122.070312	87.597656
409297.360663	0.810103	122.070312	87.597656
409297.362660	0.821967	122.070312	87.597656
409297.364661	1.323053	122.070312	87.597656
409297.366661	1.323853	122.070312	87.597656
409297.368661	1.323051	14.553562	0.011365
409298.375212	0.604305	-62.695312	-354.003906
409298.377215	0.931419	-62.695312	-354.003906
409298.379215	1.232353	-62.695312	-354.003906
409298.381216	1.331438	-62.695312	-354.003906
409298.383215	1.327326	14.600585	0.082299
409299.423235	0.512398	127.148437	88.671875
409299.425238	0.842949	127.148437	88.671875
409299.427237	1.155862	127.148437	88.671875
409299.429235	1.162286	127.148437	88.671875
409299.431236	1.325617	14.581788	0.017655
409300.471297	0.425025	-65.625000	-350.781250
409300.473299	0.758484	-65.625000	-350.781250
409300.475298	0.771239	-65.625000	-350.781250
409300.477302	1.310725	-65.625000	-350.781250
409300.479306	1.326978	-65.625000	-350.781250
409300.481307	1.323733	14.561068	0.019200
409301.521836	0.752966	122.851562	89.062500
409301.523840	1.072282	122.851562	89.062500
409301.525837	1.308689	122.851562	89.062500
409301.527842	1.326351	122.851562	89.062500
409301.529844	1.323124	14.554359	0.010801
409302.536339	0.536302	-60.351562	-354.589844
409302.538341	0.866102	-60.351562	-354.589844
409302.540341	1.177025	-60.351562	-354.589844
409302.542342	1.328420	-60.351562	-354.589844
409302.544341	1.325310	14.578411	0.023504
409303.584370	0.445108	127.050781	89.648437
409303.586379	0.777913	127.050781	89.648437
409303.590380	1.316301	127.050781	89.648437
409303.592380	1.326200	127.050781	89.648437
409303.594383	1.323150	14.554651	0.019127
409304.632469	0.363263	-64.843750	-349.316406
409304.634468	0.699251	-64.843750	-349.316406
409304.636468	1.021547	-64.843750	-349.316406
409304.638469	1.287968	-64.843750	-349.316406
409304.640469	1.327330	-64.843750	-349.316406
409304.642469	1.323780	14.561582	0.011528
409305.680982	0.354082	121.386719	90.136719
409305.682984	0.690534	121.386719	90.136719
409305.684985	1.013287	121.386719	90.136719
409305.686984	1.284183	121.386719	90.136719
409305.688984	1.328277	121.386719	90.136719
409305.690984	1.324568	14.570250	0.011247
409306.698985	0.722305	-49.121094	-361.035156
409306.700987	1.043319	-49.121094	-361.035156
409306.702987	1.297998	-49.121094	-361.035156
409306.704987	1.327106	-49.121094	-361.035156
409306.706987	1.323733	14.561068	0.020592
409307.747575	0.724982	130.175781	91.406250
409307.751575	1.299547	130.175781	91.406250
409307.753577	1.327866	130.175781	91.406250
409307.755579	1.324351	14.567865	0.016669
409308.796528	0.786909	-64.257812	-349.218750
409308.798531	1.104138	-64.257812	-349.218750
409308.800530	1.318718	-64.257812	-349.218750
409308.802530	1.326882	-64.257812	-349.218750
409308.804529	1.323696	14.560660	0.011420
409309.845085	0.783397	120.117187	91.308594
409309.847088	1.100875	120.117187	91.308594
409309.849087	1.317638	120.117187	91.308594
409309.853085	1.323515	120.117187	91.308594
409309.855087	1.321490	14.536386	0.009625
409310.861667	0.906357	-47.167969	-360.546875
409310.863668	1.212101	-47.167969	-360.546875
409310.865668	1.330603	-47.167969	-360.546875
409310.867668	1.326506	14.591572	0.018808
409311.908224	0.575527	128.222656	92.675781
409311.910226	0.904241	128.222656	92.675781
409311.912227	1.210282	128.222656	92.675781
409311.914227	1.330384	128.222656	92.675781
409311.918226	1.323691	14.560606	0.017066
409312.957196	0.642593	-62.792969	-347.753906
409312.959197	0.967856	-62.792969	-347.753906
409312.961197	1.257526	-62.792969	-347.753906
409312.963196	1.328698	-62.792969	-347.753906
409312.965197	1.324626	14.570887	0.254886
409314.004126	0.366202	120.898437	93.457031
409314.006125	0.702183	120.898437	93.457031
409314.008127	1.024392	120.898437	93.457031
409314.010127	1.289730	120.898437	93.457031
409314.012126	1.328101	120.898437	93.457031
409314.014126	1.324447	14.568920	0.009719
409315.021096	0.560242	-54.296875	-352.832031
409315.023096	0.889449	-54.296875	-352.832031
409315.025096	1.197918	-54.296875	-352.832031
409315.027094	1.331199	-54.296875	-352.832031
409315.029095	1.327420	14.601622	0.024852
409316.069085	0.462647	125.878906	94.238281
409316.071085	0.794989	125.878906	94.238281
409316.073087	1.111488	125.878906	94.238281
409316.075087	1.320679	125.878906	94.238281
409316.077086	1.327013	125.878906	94.238281
409316.079086	1.323953	14.563487	0.020370
409317.117637	0.459790	-54.199219	-351.367187
409317.119639	0.792243	-54.199219	-351.367187
409317.121639	1.109017	-54.199219	-351.367187
409317.123639	1.320375	-54.199219	-351.367187
409317.125638	1.327395	-54.199219	-351.367187
409317.127639	1.324281	14.567085	0.018089
409318.169622	1.016945	112.890625	93.652344
409318.171626	1.285865	112.890625	93.652344
409318.173624	1.327821	112.890625	93.652344
409318.175624	1.324193	14.566128	0.008748
409319.183648	0.727448	-55.273437	-347.753906
409319.185649	1.048193	-55.273437	-347.753906
409319.187648	1.300588	-55.273437	-347.753906
409319.189649	1.328139	-55.273437	-347.753906
409319.191648	1.324709	14.571799	0.678048
409320.231647	0.633469	124.707031	94.531250
409320.233651	0.959133	124.707031	94.531250
409320.235650	1.251584	124.707031	94.531250
409320.237649	1.328590	124.707031	94.531250
409320.239650	1.324529	14.569823	0.014527
409321.280205	0.630994	-55.664062	-345.312500
409321.282207	0.956837	-55.664062	-345.312500
409321.284207	1.250177	-55.664062	-345.312500
409321.286208	1.329147	-55.664062	-345.312500
409321.288208	1.325029	14.575317	0.017311
409322.326765	0.287508	118.457031	94.335937
409322.328767	0.627272	118.457031	94.335937
409322.330766	0.953261	118.457031	94.335937
409322.332766	1.247888	118.457031	94.335937
409322.334764	1.330003	118.457031	94.335937
409322.338765	1.323555	14.559109	0.007730
409323.344813	0.666885	-36.425781	-355.371094
409323.346815	0.681129	-36.425781	-355.371094
409323.348814	1.271734	-36.425781	-355.371094
409323.350815	1.328460	-36.425781	-355.371094
409323.352815	1.324592	14.570507	0.378487
409324.394888	0.910524	116.699219	93.945312
409324.396891	1.215513	116.699219	93.945312
409324.398890	1.330392	116.699219	93.945312
409324.400891	1.326303	14.589338	0.010087
409325.440936	0.495089	-54.785156	-340.917969
409325.442939	0.826224	-54.785156	-340.917969
409325.444937	1.140491	-54.785156	-340.917969
409325.446939	1.326900	-54.785156	-340.917969
409325.452936	1.322529	-54.785156	-340.917969
409325.456938	1.319757	14.517332	0.020877
409326.489542	0.502071	111.425781	93.652344
409326.491545	0.833056	111.425781	93.652344
409326.493563	1.146765	111.425781	93.652344
409326.495561	1.327239	111.425781	93.652344
409326.497563	1.326403	111.425781	93.652344
409326.499570	1.323480	14.558286	0.011468
409327.537599	0.413895	-76.660156	-322.656250
409327.539600	0.747829	-76.660156	-322.656250
409327.541599	1.067500	-76.660156	-322.656250
409327.543600	1.307445	-76.660156	-322.656250
409327.545601	1.327169	-76.660156	-322.656250
409327.547600	1.323876	14.562636	0.014872
409328.555649	0.785062	124.804687	94.335937
409328.557651	1.102241	124.804687	94.335937
409328.559651	1.317742	124.804687	94.335937
409328.561650	1.319118	124.804687	94.335937
409328.563651	1.323117	14.554289	0.016709
409329.602590	0.515716	-66.796875	-328.906250
409329.604598	0.846199	-66.796875	-328.906250
409329.606601	1.160365	-66.796875	-328.906250
409329.608601	1.329153	-66.796875	-328.906250
409329.610602	1.327394	14.601338	0.021125
409330.650645	0.426809	113.769531	93.066406
409330.652648	0.760300	113.769531	93.066406
409330.654647	1.079239	113.769531	93.066406
409330.656648	1.311012	113.769531	93.066406
409330.658647	1.326544	113.769531	93.066406
409330.660648	1.323313	14.556441	0.013294
409331.698689	0.333737	-77.441406	-320.117187
409331.700691	0.671038	-77.441406	-320.117187
409331.702691	0.994766	-77.441406	-320.117187
409331.704692	1.273951	-77.441406	-320.117187
409331.706691	1.328142	-77.441406	-320.117187
409331.708692	1.324289	14.567183	0.013105
409332.716773	0.718293	124.707031	93.457031
409332.718772	1.039418	124.707031	93.457031
409332.720775	1.296055	124.707031	93.457031
409332.722775	1.326676	124.707031	93.457031
409332.724773	1.323287	14.556158	0.014793
409333.763783	0.458963	-62.597656	-329.003906
409333.765786	0.791287	-62.597656	-329.003906
409333.767785	1.108073	-62.597656	-329.003906
409333.769785	1.319326	-62.597656	-329.003906
409333.771784	1.326298	-62.597656	-329.003906
409333.773785	1.323309	14.556397	0.021675
409334.815791	1.019171	115.429687	93.066406
409334.817793	1.286833	115.429687	93.066406
409334.819795	1.327464	115.429687	93.066406
409334.823792	1.321700	14.538700	0.011102
409335.862349	0.694641	-71.679687	-321.777344
409335.864352	0.708806	-71.679687	-321.777344
409335.866357	1.286102	-71.679687	-321.777344
409335.868364	1.328157	-71.679687	-321.777344
409335.870367	1.324484	14.569328	0.015056
409336.878905	0.816155	117.773437	93.457031
409336.880907	1.131107	117.773437	93.457031
409336.882909	1.324429	117.773437	93.457031
409336.884907	1.326403	117.773437	93.457031
409336.886907	1.323360	14.556955	0.012966
409337.924950	0.395597	-64.257812	-325.195312
409337.926952	0.730158	-64.257812	-325.195312
409337.930950	1.301254	-64.257812	-325.195312
409337.932952	1.327388	-64.257812	-325.195312
409337.934951	1.324007	14.564081	0.022307
409338.974994	0.640394	116.015625	93.261719
409338.976996	0.965698	116.015625	93.261719
409338.980994	1.328696	116.015625	93.261719
409338.982998	1.324633	116.015625	93.261719
409338.984997	1.322381	14.546196	0.249094
409340.023535	0.635898	-69.140625	-321.289062
409340.025538	0.961472	-69.140625	-321.289062
409340.027537	1.252928	-69.140625	-321.289062
409340.029538	1.328243	-69.140625	-321.289062
409340.031537	1.324135	14.565490	0.016538
409341.038108	0.429289	120.410156	93.847656
409341.042107	1.081552	120.410156	93.847656
409341.044110	1.311710	120.410156	93.847656
409341.046111	1.326560	120.410156	93.847656
409341.048111	1.323338	14.556717	0.018515
409342.086150	0.337009	-61.816406	-325.585937
409342.088153	0.674142	-61.816406	-325.585937
409342.092149	1.275559	-61.816406	-325.585937
409342.094151	1.328231	-61.816406	-325.585937
409342.096152	1.324467	14.569133	0.025822
409343.138203	0.913270	116.894531	93.847656
409343.140208	1.217730	116.894531	93.847656
409343.142207	1.330578	116.894531	93.847656
409343.144206	1.326420	14.590624	0.009818
409344.186785	0.912890	-71.679687	-318.261719
409344.188786	1.217335	-71.679687	-318.261719
409344.190788	1.330270	-71.679687	-318.261719
409344.192788	1.326133	14.587468	0.017631
409345.205305	1.290675	118.750000	94.042969
409345.207308	1.327173	118.750000	94.042969
409345.209309	1.323641	14.560049	0.016041
409346.251314	0.937399	-60.742187	-325.000000
409346.253314	1.236302	-60.742187	-325.000000
409346.255319	1.329811	-60.742187	-325.000000
409346.257323	1.325596	14.581557	0.122219
409347.297419	0.533586	116.894531	93.750000
409347.299421	0.863438	116.894531	93.750000
409347.301421	1.174667	116.894531	93.750000
409347.303421	1.328624	116.894531	93.750000
409347.305420	1.325565	14.581212	0.012226
409348.346022	0.537958	-73.730469	-315.820312
409348.348025	0.867677	-73.730469	-315.820312
409348.350025	1.178527	-73.730469	-315.820312
409348.352024	1.328655	-73.730469	-315.820312
409348.354024	1.325461	14.580069	0.016072
409349.360568	0.324264	119.335937	94.628906
409349.362577	0.661976	119.335937	94.628906
409349.364581	0.987664	119.335937	94.628906
409349.366580	1.269801	119.335937	94.628906
409349.370579	1.324713	119.335937	94.628906
409349.372581	1.322411	14.546516	0.017251
409350.410664	0.581445	-65.039062	-320.214844
409350.412666	0.909841	-65.039062	-320.214844
409350.414666	1.214709	-65.039062	-320.214844
409350.416667	1.329454	-65.039062	-320.214844
409350.418666	1.325355	14.578908	0.023994
409351.458665	0.485769	117.773437	95.312500
409351.460666	0.817183	117.773437	95.312500
409351.462666	1.132009	117.773437	95.312500
409351.464665	1.324521	117.773437	95.312500
409351.466670	1.326353	117.773437	95.312500
409351.468677	1.323385	14.557239	0.013632
409352.507213	0.481155	-70.605469	-316.113281
409352.509214	0.812730	-70.605469	-316.113281
409352.511216	1.127851	-70.605469	-316.113281
409352.513220	1.323659	-70.605469	-316.113281
409352.515218	1.326160	-70.605469	-316.113281
409352.517220	1.323104	14.554147	0.017784
409353.526167	0.995966	124.902344	96.386719
409353.528169	1.274444	124.902344	96.386719
409353.530170	1.327863	124.902344	96.386719
409353.532170	1.324106	14.565171	0.021774
409354.573092	0.729522	-53.808594	-325.878906
409354.575096	1.050189	-53.808594	-325.878906
409354.577094	1.301089	-53.808594	-325.878906
409354.579096	1.327425	-53.808594	-325.878906
409354.581095	1.324111	14.565216	0.028450
409355.619062	0.289889	117.480469	95.703125
409355.621062	0.629505	117.480469	95.703125
409355.623061	0.955547	117.480469	95.703125
409355.625064	1.249646	117.480469	95.703125
409355.627062	1.330682	117.480469	95.703125
409355.629062	1.326618	14.592794	0.011377
409356.668021	0.357138	-69.628906	-315.820312
409356.670022	0.693549	-69.628906	-315.820312
409356.672022	1.016199	-69.628906	-315.820312
409356.674022	1.285920	-69.628906	-315.820312
409356.676023	1.328778	-69.628906	-315.820312
409356.678023	1.325120	14.576320	0.016207
409357.686089	0.737652	125.878906	97.070312
409357.688091	1.057922	125.878906	97.070312
409357.690094	1.304538	125.878906	97.070312
409357.694095	1.324719	125.878906	97.070312
409357.696096	1.322635	14.548988	0.017101
409358.734143	0.651122	-53.710937	-325.000000
409358.736147	0.976018	-53.710937	-325.000000
409358.738146	1.263011	-53.710937	-325.000000
409358.740147	1.329357	-53.710937	-325.000000
409358.742146	1.325312	14.578438	0.025732
409359.782676	0.642499	111.914062	95.898437
409359.784677	0.967863	111.914062	95.898437
409359.786677	1.257771	111.914062	95.898437
409359.788678	1.329472	111.914062	95.898437
409359.790677	1.325519	14.580708	0.010132
409360.830719	0.553428	-70.507812	-314.453125
409360.832718	0.882937	-70.507812	-314.453125
409360.834717	1.192309	-70.507812	-314.453125
409360.836718	1.330984	-70.507812	-314.453125
409360.838719	1.327356	14.600913	0.014639
409361.845666	0.409814	120.703125	97.851562
409361.847668	0.743969	120.703125	97.851562
409361.851665	1.306367	120.703125	97.851562
409361.853669	1.327569	120.703125	97.851562
409361.855669	1.324221	14.566430	0.019725
409362.893705	0.314663	-60.839844	-320.117187
409362.895706	0.653008	-60.839844	-320.117187
409362.897709	0.977772	-60.839844	-320.117187
409362.899708	1.263927	-60.839844	-320.117187
409362.901707	1.328898	-60.839844	-320.117187
409362.903705	1.324944	14.574379	0.028650
409363.943746	0.563427	113.574219	97.656250
409363.945749	0.892525	113.574219	97.656250
409363.947748	1.200636	113.574219	97.656250
409363.949750	1.330606	113.574219	97.656250
409363.951749	1.326699	14.593691	0.015230
409364.991786	0.475073	-75.000000	-311.132812
409364.993786	0.807078	-75.000000	-311.132812
409364.999787	1.327010	-75.000000	-311.132812
409365.001788	1.324044	-75.000000	-311.132812
409365.003788	1.322123	14.543352	0.020135
409366.013799	1.328086	116.992187	99.316406
409366.015802	1.326745	14.594195	0.020921
409367.055888	0.428537	-60.937500	-319.531250
409367.057891	0.762053	-60.937500	-319.531250
409367.059889	1.081088	-60.937500	-319.531250
409367.061891	1.312192	-60.937500	-319.531250
409367.063890	1.327415	-60.937500	-319.531250
409367.065891	1.324180	14.565977	0.028883
409368.103945	0.338940	113.574219	99.218750
409368.105946	0.676295	113.574219	99.218750
409368.109944	1.277307	113.574219	99.218750
409368.111947	1.329113	113.574219	99.218750
409368.113946	1.325309	14.578402	0.013875
409369.156018	0.916929	-78.125000	-309.667969
409369.158020	0.927211	-78.125000	-309.667969
409369.160022	1.331208	-78.125000	-309.667969
409369.162019	1.327000	14.596995	0.017605
409370.170096	0.637893	126.367187	101.562500
409370.172098	0.963498	126.367187	101.562500
409370.174098	1.254779	126.367187	101.562500
409370.176098	1.329260	126.367187	101.562500
409370.178097	1.325135	14.576480	0.250412
409371.220108	0.872877	-71.679687	-314.843750
409371.222111	1.183445	-71.679687	-314.843750
409371.224111	1.331204	-71.679687	-314.843750
409371.228109	1.325175	14.576923	0.023001
409372.266181	0.457501	112.890625	100.488281
409372.268182	0.790235	112.890625	100.488281
409372.270182	1.107367	112.890625	100.488281
409372.272182	1.320214	112.890625	100.488281
409372.274183	1.327734	112.890625	100.488281
409372.276182	1.324543	14.569974	0.015271
409373.314193	0.363106	-78.027344	-311.035156
409373.316195	0.699268	-78.027344	-311.035156
409373.318197	1.021620	-78.027344	-311.035156
409373.320196	1.288564	-78.027344	-311.035156
409373.324192	1.324803	-78.027344	-311.035156
409373.326195	1.322659	14.549245	0.021020
409374.332211	0.734381	125.000000	102.832031
409374.334213	1.054894	125.000000	102.832031
409374.336214	1.302977	125.000000	102.832031
409374.338211	1.327424	125.000000	102.832031
409374.340213	1.324039	14.564426	0.022489
409375.378707	0.383038	-54.296875	-325.097656
409375.380709	0.718271	-54.296875	-325.097656
409375.382711	1.039716	-54.296875	-325.097656
409375.386708	1.328047	-54.296875	-325.097656
409375.388709	1.324599	-54.296875	-325.097656
409375.390709	1.322467	14.547136	0.028572
409376.428691	0.621240	119.042969	102.539062
409376.430693	0.947703	119.042969	102.539062
409376.432692	1.244313	119.042969	102.539062
409376.434692	1.330251	119.042969	102.539062
409376.436694	1.326046	14.586503	0.017525
409377.477210	0.609186	-79.394531	-311.621094
409377.479212	0.936216	-79.394531	-311.621094
409377.481213	1.235617	-79.394531	-311.621094
409377.483211	1.330306	-79.394531	-311.621094
409377.485213	1.326192	14.588107	0.112364
409378.493288	0.655968	126.269531	104.003906
409378.495291	0.980613	126.269531	104.003906
409378.497293	1.265708	126.269531	104.003906
409378.499297	1.328649	126.269531	104.003906
409378.501304	1.324714	14.571854	0.331783
409379.540235	0.382688	-58.984375	-323.242187
409379.542238	0.717966	-58.984375	-323.242187
409379.544236	1.039279	-58.984375	-323.242187
409379.546237	1.296572	-58.984375	-323.242187
409379.548236	1.327780	-58.984375	-323.242187
409379.550236	1.324333	14.567661	0.024440
409380.589170	0.443352	114.843750	103.125000
409380.591170	0.776306	114.843750	103.125000
409380.593173	1.094678	114.843750	103.125000
409380.595176	1.316263	114.843750	103.125000
409380.597176	1.327058	114.843750	103.125000
409380.599174	1.323816	14.561980	0.016553
409381.637238	0.355594	-84.570312	-309.179687
409381.639239	0.692095	-84.570312	-309.179687
409381.641239	1.014807	-84.570312	-309.179687
409381.643238	1.024211	-84.570312	-309.179687
409381.645240	1.327641	-84.570312	-309.179687
409381.647240	1.324052	14.564577	0.015964
409382.655252	0.727730	128.710937	104.492187
409382.657254	1.048573	128.710937	104.492187
409382.659252	1.300956	128.710937	104.492187
409382.661252	1.328385	128.710937	104.492187
409382.665251	1.322855	14.551399	0.027068
409383.703794	0.722134	-63.574219	-321.093750
409383.705795	1.043279	-63.574219	-321.093750
409383.707795	1.298477	-63.574219	-321.093750
409383.709797	1.327937	-63.574219	-321.093750
409383.711800	1.324449	14.568937	0.024926
409384.750352	0.383358	120.605469	103.710937
409384.752354	0.718645	120.605469	103.710937
409384.754353	1.039938	120.605469	103.710937
409384.758351	1.327527	120.605469	103.710937
409384.760352	1.324046	120.605469	103.710937
409384.762353	1.321934	14.541270	0.019096
409385.798937	0.385318	-84.863281	-308.300781
409385.800938	0.720466	-84.863281	-308.300781
409385.804937	1.297619	-84.863281	-308.300781
409385.806938	1.327760	-84.863281	-308.300781
409385.808938	1.324231	14.566545	0.020127
409386.816947	0.753892	128.027344	104.687500
409386.818949	1.073307	128.027344	104.687500
409386.820948	1.309700	128.027344	104.687500
409386.822950	1.327410	128.027344	104.687500
409386.824950	1.324180	14.565977	0.033946
409387.863522	0.420516	-68.945312	-316.992187
409387.865524	0.754247	-68.945312	-316.992187
409387.867525	1.073708	-68.945312	-316.992187
409387.869523	1.309695	-68.945312	-316.992187
409387.871525	1.327186	-68.945312	-316.992187
409387.873524	1.327049	14.597536	0.027143
409388.913549	0.663616	121.093750	103.613281
409388.915550	0.987850	121.093750	103.613281
409388.917553	1.270152	121.093750	103.613281
409388.919551	1.328900	121.093750	103.613281
409388.921553	1.325047	14.575522	0.021569
409389.962090	0.657394	-79.394531	-311.035156
409389.966089	1.266435	-79.394531	-311.035156
409389.968090	1.328671	-79.394531	-311.035156
409389.970091	1.324782	14.572606	0.016031
409390.978152	0.699930	130.273437	104.687500
409390.980153	1.022202	130.273437	104.687500
409390.982154	1.288684	130.273437	104.687500
409390.984154	1.327980	130.273437	104.687500
409390.986155	1.324342	14.567767	0.554353
409392.027101	0.761732	-69.238281	-315.234375
409392.029102	1.080741	-69.238281	-315.234375
409392.031102	1.312399	-69.238281	-315.234375
409392.033105	1.327803	-69.238281	-315.234375
409392.035103	1.324471	14.569177	0.023573
409393.073651	0.421867	117.578125	103.125000
409393.075659	0.755645	117.578125	103.125000
409393.077660	1.076570	117.578125	103.125000
409393.079660	1.310758	117.578125	103.125000
409393.081661	1.327489	117.578125	103.125000
409393.083661	1.324288	14.567165	0.024056
409394.121709	0.333012	-88.574219	-304.687500
409394.123713	0.670561	-88.574219	-304.687500
409394.125711	0.994439	-88.574219	-304.687500
409394.127711	1.274068	-88.574219	-304.687500
409394.129711	1.328840	-88.574219	-304.687500
409394.131712	1.325022	14.575247	0.021355
409395.137744	0.374111	125.097656	104.785156
409395.139747	0.709740	125.097656	104.785156
409395.141748	1.031517	125.097656	104.785156
409395.143747	1.293282	125.097656	104.785156
409395.145747	1.328153	125.097656	104.785156
409395.147748	1.324549	14.570036	0.034006
409396.187753	0.614575	-75.781250	-310.742187
409396.189753	0.941392	-75.781250	-310.742187
409396.191753	1.239559	-75.781250	-310.742187
409396.193754	1.330554	-75.781250	-310.742187
409396.195754	1.326419	14.590607	0.146998
409397.235840	0.533604	122.265625	104.394531
409397.237843	0.863744	122.265625	104.394531
409397.239842	1.175200	122.265625	104.394531
409397.241841	1.329417	122.265625	104.394531
409397.243844	1.326439	14.590828	0.024868
409398.283893	0.446480	-90.820312	-301.757812
409398.285893	0.779390	-90.820312	-301.757812
409398.287893	1.097249	-90.820312	-301.757812
409398.291892	1.327494	-90.820312	-301.757812
409398.293894	1.324353	-90.820312	-301.757812
409398.295895	1.322386	14.546250	0.022927
409399.299904	0.480692	131.640625	106.250000
409399.301906	0.812482	131.640625	106.250000
409399.303907	1.127769	131.640625	106.250000
409399.305906	1.324816	131.640625	106.250000
409399.307906	1.327689	131.640625	106.250000
409399.309904	1.324676	14.571436	0.034793
409400.350902	0.879550	-83.398437	-305.371094
409400.352904	1.189242	-83.398437	-305.371094
409400.354902	1.329829	-83.398437	-305.371094
409400.356904	1.326311	14.589418	0.025282
409401.396953	0.463514	121.289062	105.664062
409401.398956	0.795831	121.289062	105.664062
409401.400956	1.112463	121.289062	105.664062
409401.402958	1.320878	121.289062	105.664062
409401.404962	1.326872	121.289062	105.664062
409401.406962	1.323825	14.562070	0.022398
409402.445023	0.377276	-88.671875	-301.855469
409402.447022	0.712773	-88.671875	-301.855469
409402.449023	1.034398	-88.671875	-301.855469
409402.451023	1.294459	-88.671875	-301.855469
409402.453024	1.327883	-88.671875	-301.855469
409402.455022	1.324381	14.568193	0.019532
409403.495102	1.490063	115.039062	105.468750
409403.497103	0.954872	115.039062	105.468750
409403.499103	1.248961	115.039062	105.468750
409403.501106	1.329821	115.039062	105.468750
409403.503105	1.325725	14.582975	0.196579
409404.509135	0.328410	-80.859375	-304.687500
409404.511137	0.665993	-80.859375	-304.687500
409404.513137	0.989843	-80.859375	-304.687500
409404.515138	1.271137	-80.859375	-304.687500
409404.519135	1.324651	-80.859375	-304.687500
409404.521135	1.322411	14.546516	0.029609
409405.563167	1.209682	120.019531	106.933594
409405.565170	1.329404	120.019531	106.933594
409405.567169	1.325292	14.578208	0.020750
409406.607219	0.486046	-91.113281	-299.121094
409406.609221	0.817531	-91.113281	-299.121094
409406.611222	1.132400	-91.113281	-299.121094
409406.613221	1.325124	-91.113281	-299.121094
409406.615220	1.326962	-91.113281	-299.121094
409406.617222	1.324003	14.564028	0.019902
409407.655278	0.399610	113.476562	106.640625
409407.657281	0.734149	113.476562	106.640625
409407.659281	1.054519	113.476562	106.640625
409407.661280	1.302649	113.476562	106.640625
409407.663281	1.327233	113.476562	106.640625
409407.665281	1.323846	14.562308	0.017116
409408.673267	0.761447	-79.394531	-304.003906
409408.675269	1.080362	-79.394531	-304.003906
409408.677269	1.312135	-79.394531	-304.003906
409408.679271	1.327687	-79.394531	-304.003906
409408.681270	1.327477	14.602242	0.029393
409409.719322	1.425953	117.968750	108.105469
409409.721322	0.677584	117.968750	108.105469
409409.723323	1.001022	117.968750	108.105469
409409.725323	1.277500	117.968750	108.105469
409409.727323	1.328001	117.968750	108.105469
409409.729322	1.324328	14.567609	0.025842
409410.769374	0.589521	-81.933594	-302.050781
409410.771374	0.917516	-81.933594	-302.050781
409410.773375	1.221184	-81.933594	-302.050781
409410.775375	1.330297	-81.933594	-302.050781
409410.777376	1.326142	14.587558	0.020767
409411.817967	0.593198	116.601562	108.007812
409411.819969	0.920951	116.601562	108.007812
409411.821969	1.223902	116.601562	108.007812
409411.823970	1.330159	116.601562	108.007812
409411.825969	1.325938	14.585316	0.017619
409412.832900	0.447111	-72.460937	-305.859375
409412.834902	0.459080	-72.460937	-305.859375
409412.836903	1.097588	-72.460937	-305.859375
409412.838904	1.316503	-72.460937	-305.859375
409412.840903	1.326304	-72.460937	-305.859375
409412.844914	1.321213	14.533338	0.033397
409413.880997	0.366103	118.945312	108.984375
409413.883000	0.701982	118.945312	108.984375
409413.885001	1.024085	118.945312	108.984375
409413.887000	1.289638	118.945312	108.984375
409413.888999	1.328094	118.945312	108.984375
409413.890999	1.324500	14.569496	0.022805
409414.929071	0.275242	-80.175781	-300.195312
409414.931072	0.615467	-80.175781	-300.195312
409414.933072	0.942131	-80.175781	-300.195312
409414.935072	1.239915	-80.175781	-300.195312
409414.937073	1.329962	-80.175781	-300.195312
409414.939073	1.325756	14.583313	0.021898
409415.947085	0.652687	128.710937	110.742187
409415.949086	0.977368	128.710937	110.742187
409415.951087	1.263645	128.710937	110.742187
409415.953088	1.328720	128.710937	110.742187
409415.955090	1.324730	14.572030	0.031879
409416.993656	0.313269	-52.539062	-310.742187
409416.995658	0.651766	-52.539062	-310.742187
409416.997658	0.976526	-52.539062	-310.742187
409416.999658	1.263203	-52.539062	-310.742187
409417.001658	1.328676	-52.539062	-310.742187
409417.003657	1.324714	14.571854	0.032034
409418.043696	0.561110	120.703125	110.058594
409418.045697	0.890282	120.703125	110.058594
409418.047698	1.198667	120.703125	110.058594
409418.049697	1.330552	120.703125	110.058594
409418.051697	1.330528	14.635812	0.020978
409419.092640	0.624329	-73.437500	-299.707031
409419.094641	0.950525	-73.437500	-299.707031
409419.096642	1.245915	-73.437500	-299.707031
409419.098642	1.329652	-73.437500	-299.707031
409419.100642	1.325536	14.580901	0.020933
409420.107127	0.401899	122.070312	110.058594
409420.109129	0.736327	122.070312	110.058594
409420.111128	1.056699	122.070312	110.058594
409420.113128	1.303875	122.070312	110.058594
409420.115130	1.327851	122.070312	110.058594
409420.117128	1.324417	14.568592	0.034123
409421.155153	0.305376	-63.378906	-303.027344
409421.157155	0.644176	-63.378906	-303.027344
409421.159156	0.969295	-63.378906	-303.027344
409421.161157	1.258467	-63.378906	-303.027344
409421.163154	1.328824	-63.378906	-303.027344
409421.165157	1.324807	14.572872	0.036149
409422.205236	0.561493	118.359375	109.277344
409422.207236	0.890687	118.359375	109.277344
409422.209238	0.904326	118.359375	109.277344
409422.211236	1.329678	118.359375	109.277344
409422.213237	1.325726	14.582984	0.023560
409423.253310	0.479456	-75.097656	-295.898437
409423.255310	0.811176	-75.097656	-295.898437
409423.257312	1.126597	-75.097656	-295.898437
409423.259311	1.324272	-75.097656	-295.898437
409423.263310	1.324156	-75.097656	-295.898437
409423.265312	1.322187	14.544062	0.026658
409424.269363	0.519945	126.757812	110.839844
409424.271365	0.850407	126.757812	110.839844
409424.273365	1.162880	126.757812	110.839844
409424.275366	1.329687	126.757812	110.839844
409424.277366	1.327643	14.604068	0.035851
409425.317907	1.290231	-71.875000	-295.703125
409425.319908	0.845343	-71.875000	-295.703125
409425.321912	1.158170	-71.875000	-295.703125
409425.323908	1.328870	-71.875000	-295.703125
409425.325908	1.327236	14.599592	0.038807
409426.365926	0.421606	115.527344	109.179687
409426.367928	0.755373	115.527344	109.179687
409426.369930	1.074753	115.527344	109.179687
409426.371929	1.310504	115.527344	109.179687
409426.373929	1.327845	115.527344	109.179687
409426.375929	1.324578	14.570356	0.025797
409427.415970	0.666922	-72.851562	-293.750000
409427.417971	0.990918	-72.851562	-293.750000
409427.419970	1.271829	-72.851562	-293.750000
409427.421972	1.328520	-72.851562	-293.750000
409427.423970	1.324653	14.571179	0.026266
409428.430519	1.121543	120.703125	110.058594
409428.432519	0.786908	120.703125	110.058594
409428.434520	1.104148	120.703125	110.058594
409428.436520	1.319044	120.703125	110.058594
409428.438519	1.327335	120.703125	110.058594
409428.440520	1.324118	14.565304	0.031720
409429.478563	0.366625	-51.660156	-301.269531
409429.480565	0.702602	-51.660156	-301.269531
409429.482564	1.024768	-51.660156	-301.269531
409429.484564	1.290250	-51.660156	-301.269531
409429.486565	1.328611	-51.660156	-301.269531
409429.488565	1.324955	14.574504	0.040749
409430.527085	0.357093	118.847656	109.667969
409430.529086	0.372672	118.847656	109.667969
409430.531085	1.016079	118.847656	109.667969
409430.533085	1.285722	118.847656	109.667969
409430.535087	1.328147	118.847656	109.667969
409430.537087	1.324484	14.569319	0.024385
409431.577108	0.599206	-74.414062	-290.722656
409431.579113	0.926784	-74.414062	-290.722656
409431.581114	1.228803	-74.414062	-290.722656
409431.583112	1.330524	-74.414062	-290.722656
409431.585112	1.326349	14.589843	0.027783
409432.595137	0.962079	125.488281	110.156250
409432.597140	1.253699	125.488281	110.156250
409432.599139	1.328763	125.488281	110.156250
409432.601138	1.324656	14.571215	0.031535
409433.641132	0.538909	-57.226562	-296.875000
409433.643134	0.868814	-57.226562	-296.875000
409433.645133	1.179826	-57.226562	-296.875000
409433.647135	1.330101	-57.226562	-296.875000
409433.649135	1.326934	14.596269	0.037379
409434.689183	0.451120	118.261719	109.960937
409434.691183	0.783988	118.261719	109.960937
409434.693184	0.795295	118.261719	109.960937
409434.695183	1.318426	118.261719	109.960937
409434.697182	1.327426	118.261719	109.960937
409434.699183	1.324303	14.567333	0.022039
409435.737239	0.362579	-75.000000	-288.867187
409435.739241	0.698735	-75.000000	-288.867187
409435.741241	1.021142	-75.000000	-288.867187
409435.743241	1.289299	-75.000000	-288.867187
409435.745241	1.330289	-75.000000	-288.867187
409435.747242	1.326780	14.594576	0.030117
409436.753243	0.396105	125.585937	110.546875
409436.755244	0.730745	125.585937	110.546875
409436.757245	1.051487	125.585937	110.546875
409436.759245	1.301860	125.585937	110.546875
409436.761243	1.327766	125.585937	110.546875
409436.763245	1.324355	14.567902	0.036749
409437.803280	0.638390	-62.500000	-292.480469
409437.805282	0.963915	-62.500000	-292.480469
409437.807283	1.255214	-62.500000	-292.480469
409437.809281	1.329419	-62.500000	-292.480469
409437.811282	1.325351	14.578863	0.042817
409438.853288	0.874903	114.062500	109.472656
409438.855291	1.185332	114.062500	109.472656
409438.857291	1.330773	114.062500	109.472656
409438.859291	1.327423	14.601657	0.025831
409439.899382	0.466332	-77.539062	-285.644531
409439.901382	0.798608	-77.539062	-285.644531
409439.903384	0.809888	-77.539062	-285.644531
409439.905383	1.322054	-77.539062	-285.644531
409439.907383	1.327628	-77.539062	-285.644531
409439.909384	1.324485	14.569337	0.032513
409440.947394	0.370652	110.742187	108.007812
409440.949396	0.706467	110.742187	108.007812
409440.951397	1.028573	110.742187	108.007812
409440.953401	1.291999	110.742187	108.007812
409440.955401	1.328298	110.742187	108.007812
409440.959399	1.322668	14.549343	0.016810
409441.963398	0.404621	-48.535156	-295.410156
409441.965404	0.738986	-48.535156	-295.410156
409441.967408	1.060558	-48.535156	-295.410156
409441.969407	1.305243	-48.535156	-295.410156
409441.971408	1.327526	-48.535156	-295.410156
409441.973408	1.324142	14.565560	0.039311
409443.012355	0.468804	120.605469	110.449219
409443.014355	0.801014	120.605469	110.449219
409443.016356	1.117378	120.605469	110.449219
409443.018355	1.322635	120.605469	110.449219
409443.020356	1.327610	120.605469	110.449219
409443.022358	1.324561	14.570169	0.022867
409444.061387	0.543620	-77.441406	-284.375000
409444.063391	0.873366	-77.441406	-284.375000
409444.065388	1.184014	-77.441406	-284.375000
409444.067389	1.330980	-77.441406	-284.375000
409444.069389	1.327676	14.604441	0.029780
409445.111409	0.785503	113.378906	109.765625
409445.113412	1.102993	113.378906	109.765625
409445.115412	1.318932	113.378906	109.765625
409445.117411	1.327564	113.378906	109.765625
409445.119411	1.324357	14.567927	0.014067
409446.125932	2.465148	-61.621094	-289.746094
409446.129932	1.207859	-61.621094	-289.746094
409446.131934	1.330126	-61.621094	-289.746094
409446.133934	1.326042	14.586458	0.041125
