num crossings	time (s)	maj axis (mm)	min axis (mm)	theta (rad )	slope (V/s)
1687	1851.512300	53.065546	12.403259	0.706983	9.988948
1689	1853.587370	51.591977	10.277366	0.645816	10.079757
1691	1855.667123	52.037358	9.910228	0.640729	9.965174
1693	1857.747797	50.914665	10.236522	0.657728	10.637541
1695	1859.831537	48.606364	10.453841	0.640466	9.733544
1697	1861.917029	47.529712	9.222108	0.678062	9.977224
1699	1864.001166	50.312692	10.300615	0.654867	9.915958
1701	1866.086597	53.425003	10.552637	0.660696	10.131242
1703	1868.170769	18.872390	9.687055	0.807342	10.574372
1705	1870.254215	52.271871	10.866394	0.691459	10.738806
1707	1872.334762	50.307608	10.254205	0.638799	10.611362
1709	1874.413786	50.393189	10.713661	0.674101	10.534996
1711	1876.493620	52.896209	10.388703	0.666616	10.109303
1713	1878.572266	45.912278	12.501566	0.703503	9.859306
1715	1880.651341	50.005158	11.185416	0.671593	10.219859
1717	1882.729641	51.361287	9.714892	0.661520	10.140863
1719	1884.808960	52.593167	11.153356	0.721924	10.398199
1721	1886.889642	52.496864	10.019898	0.662505	10.348519
1723	1888.971598	51.238178	9.768687	0.659917	9.846100
1725	1891.054047	51.567960	9.534240	0.667975	10.567363
1727	1893.135530	54.545838	15.357996	0.770244	10.505184
1729	1895.218087	52.278778	10.015413	0.666689	10.822938
1731	1897.299795	51.067101	9.559705	0.665539	10.796549
1733	1899.381926	50.052682	10.557280	0.685619	10.146317
1735	1901.463251	54.595846	12.484200	0.721397	10.371399
1737	1903.543752	54.103195	11.082319	0.709579	10.782363
1739	1905.622081	50.649712	9.244551	0.667079	10.783595
1741	1907.699355	52.832990	9.055306	0.702853	10.828790
1743	1909.777302	51.218342	9.358633	0.677402	10.132914
1745	1911.853744	52.371828	9.462349	0.673580	10.740316
1747	1913.930758	46.290829	14.204825	0.673097	10.336439
1749	1916.007863	51.348356	9.298577	0.679825	10.503642
1751	1918.086662	52.764354	9.279022	0.692792	10.658399
1753	1920.166767	53.994098	8.970092	0.694726	10.452887
1755	1922.248321	40.304398	9.584117	0.646422	10.565968
1757	1924.330586	52.567847	9.468949	0.668204	10.978940
1759	1926.414081	50.965833	12.313811	0.681975	10.870555
1761	1928.496601	51.605801	8.879330	0.685179	10.345247
1763	1930.578728	50.194513	8.776234	0.678930	10.969356
1765	1932.660683	51.639243	9.244529	0.687930	10.723333
1767	1934.741935	44.482758	10.689192	0.739537	10.821103
1769	1936.821474	51.793950	8.860844	0.680494	10.748300
1771	1938.900143	51.633877	9.250494	0.681235	11.056755
1773	1940.977577	61.097258	9.372578	0.540421	11.606542
1775	1943.057083	52.126095	9.575312	0.748752	10.659928
1777	1945.135423	55.436797	9.508110	0.727983	10.886679
1779	1947.214281	52.124237	9.000743	0.690510	11.280841
1781	1949.295596	55.873095	9.616449	0.716645	10.914686
1783	1951.377730	52.896870	8.841191	0.693930	11.131888
1785	1953.460903	53.540051	9.425020	0.728047	11.055179
1787	1955.544090	55.092262	8.739203	0.716857	10.429973
1789	1957.627193	54.944818	9.025272	0.719642	10.762725
1791	1959.710696	48.286390	7.950254	0.639017	10.933673
1793	1961.793313	51.522422	7.982956	0.688654	10.869757
1795	1963.876533	49.471717	9.393438	0.665069	10.649747
1797	1965.958839	53.674129	8.280121	0.692450	11.183059
1799	1968.040074	56.454898	4.621334	0.729256	11.077340
1801	1970.121395	56.541651	8.280681	0.687618	11.155804
1803	1972.202594	53.875628	8.141768	0.696195	10.867910
1805	1974.284596	55.382481	11.408330	0.753328	11.245643
1807	1976.365181	55.459750	8.622251	0.738663	11.742102
1809	1978.445751	54.512642	8.307820	0.690336	11.435301
1811	1980.525029	52.910470	8.044737	0.698968	11.320940
1813	1982.607134	54.625786	8.262091	0.734625	11.070619
1815	1984.687614	54.605516	8.531375	0.710911	11.490580
1817	1986.768117	53.325956	8.240685	0.703594	11.237492
1819	1988.848780	54.170335	7.852688	0.711443	11.791579
1821	1990.929012	55.179811	9.381317	0.729785	11.772099
1823	1993.009855	56.512107	9.209258	0.740905	11.482090
1825	1995.090082	53.546658	8.336792	0.704489	11.551136
1827	1997.171103	56.327846	11.986595	0.715159	11.603845
1829	1999.251541	53.832265	8.053710	0.710477	11.716565
1831	2001.332337	57.505705	20.324414	0.742450	11.210993
1833	2003.411623	54.468380	7.887727	0.702787	11.531404
1835	2005.491952	76.554606	7.450349	0.750887	11.580675
1837	2007.571960	58.108615	8.793233	0.743725	11.554275
1839	2009.652179	53.323160	8.186286	0.717648	11.118037
1841	2011.732160	53.926973	7.643710	0.709450	11.254943
1843	2013.810877	53.177882	7.925090	0.710820	11.187083
1845	2015.889692	55.904276	8.031252	0.711608	11.177819
1847	2017.968738	77.575990	6.717537	0.785370	11.137078
1849	2020.047628	58.379657	11.218015	0.774767	11.209864
1851	2022.126227	52.766568	7.803322	0.716479	11.432201
1853	2024.204493	58.195104	8.246333	0.748717	11.411044
1855	2026.283016	53.994465	7.970101	0.724730	11.170036
1857	2028.361867	67.501529	6.485641	0.716076	11.319593
1859	2030.440511	54.653411	8.141213	0.780893	11.459719
1861	2032.520121	49.740832	7.771703	0.716401	11.643282
1863	2034.600382	56.815456	9.012352	0.765747	11.937879
1865	2036.682494	59.035602	6.548406	0.691738	11.711565
1867	2038.763841	56.361354	6.249481	0.718235	12.168079
1869	2040.846281	54.018679	7.234855	0.720383	11.525319
1871	2042.927694	49.717862	8.835199	0.726729	12.142089
1873	2045.009256	53.694727	6.707115	0.707533	11.657485
1875	2047.089559	54.477158	7.136256	0.721295	12.051915
1877	2049.171369	53.723442	7.734822	0.731166	11.828448
1879	2051.251097	54.211895	7.064231	0.722576	11.032622
1881	2053.330326	56.113715	6.755196	0.721478	11.667364
1883	2055.408847	55.629197	7.203826	0.729559	11.886278
1885	2057.489083	57.246940	8.264933	0.731193	11.709370
1887	2059.568943	52.729620	7.551072	0.717414	12.390256
1889	2061.648970	57.299923	8.029356	0.753933	11.961846
1891	2063.729952	60.800404	6.838974	0.688587	11.718036
1893	2065.810699	48.378150	11.085521	0.751842	11.933874
1895	2067.893943	57.578515	7.823092	0.751095	11.756380
1897	2069.975269	52.913048	6.063722	0.717028	11.978100
1899	2072.057844	54.666631	6.988485	0.734333	11.449484
1901	2074.139488	54.928687	6.825910	0.728127	11.398358
1903	2076.221656	58.303297	6.157595	0.743813	11.509881
1905	2078.302399	54.056364	7.288242	0.736734	12.333958
1907	2080.384041	55.079090	6.674577	0.733027	11.775757
1909	2082.464854	57.002850	6.067305	0.751750	11.544522
1911	2084.545465	57.880084	6.629313	0.706030	11.810654
1913	2086.626575	51.207295	6.641998	0.774909	12.240539
1915	2088.706590	57.892011	7.165762	0.761593	12.003021
1917	2090.786946	58.807775	9.187526	0.771823	11.971202
1919	2092.866545	56.269342	6.739574	0.717376	11.818963
1921	2094.946055	55.967276	6.446379	0.735973	11.843461
1923	2097.026041	54.954794	6.428713	0.728600	11.642058
1925	2099.105063	43.250419	7.810421	0.776173	11.672462
1927	2101.184733	58.942525	6.068478	0.709528	12.103521
1929	2103.263421	55.878867	6.346262	0.742366	11.868405
1931	2105.343250	55.276096	6.630932	0.739929	11.580165
1933	2107.423229	50.273098	6.558943	0.740772	11.678704
1935	2109.503006	54.373463	7.525608	0.759649	12.050508
1937	2111.583040	55.126727	6.999918	0.750481	12.106708
1939	2113.665263	55.411368	6.328693	0.741115	11.873495
1941	2115.745857	52.383498	9.947437	0.753426	11.871681
1943	2117.827723	54.493482	6.338555	0.746332	12.248394
1945	2119.909317	59.731786	6.322805	0.735954	12.347110
1947	2121.990919	55.239217	6.186464	0.741279	12.013641
1949	2124.071574	56.223459	6.339368	0.741750	12.269268
1951	2126.151776	55.659729	4.795025	0.741711	12.144648
1953	2128.231913	53.883262	6.098350	0.754228	12.201712
1955	2130.311924	55.794947	6.279605	0.745509	12.482640
1957	2132.391080	54.236328	8.847125	0.757194	12.972815
1959	2134.471014	59.311790	7.701151	0.772280	12.433084
1961	2136.551042	55.302798	6.128600	0.751891	12.255626
1963	2138.631642	58.529863	6.779589	0.764834	11.842037
1965	2140.712754	59.297547	7.578276	0.779707	12.403308
1967	2142.794478	55.227250	5.867568	0.748167	12.462335
1969	2144.875022	57.276399	6.046677	0.767101	12.427740
1971	2146.957104	58.975413	6.280248	0.768467	12.458175
1973	2149.039225	55.199777	4.508391	0.723470	12.354336
1975	2151.120635	55.813595	5.771612	0.744739	11.887468
1977	2153.202200	57.633586	6.157311	0.772364	12.453853
1979	2155.283389	47.422682	7.470629	0.750911	12.220399
1981	2157.363589	56.255331	5.794618	0.746532	12.295603
1983	2159.444656	51.913154	4.552637	0.742078	12.484427
1985	2161.524363	55.891776	5.951100	0.748688	12.379474
1987	2163.605277	55.110304	5.681243	0.752692	12.120856
1989	2165.685219	55.343443	5.695974	0.755115	11.984008
1991	2167.765410	57.047647	5.740778	0.759153	12.319310
1993	2169.844435	53.707824	5.398917	0.718545	12.028053
1995	2171.924132	58.213319	5.968166	0.752905	12.110490
1997	2174.004202	56.981424	5.491705	0.754352	12.292684
1999	2176.083481	22.971751	7.846429	0.833362	12.053436
2001	2178.163347	62.265423	5.516331	0.738372	12.665790
2003	2180.244224	53.728564	5.250424	0.744132	12.727500
2005	2182.323975	58.629270	5.413249	0.748756	12.552082
