crossing time (s)	slope (V/s)	crossing number
281474976710655.000000	8.860288	1337	0.000000
281474976710655.000000	8.945841	1338	0.000000
281474976710655.000000	8.606807	1339	0.000000
281474976710655.000000	8.332902	1340	0.000000
281474976710655.000000	8.353814	1341	0.000000
281474976710655.000000	8.588362	1342	0.000000
281474976710655.000000	8.547182	1343	0.000000
281474976710655.000000	8.605346	1344	0.000000
281474976710655.000000	8.645870	1345	0.000000
281474976710655.000000	8.574356	1346	0.000000
281474976710655.000000	8.407436	1347	0.000000
281474976710655.000000	8.495311	1348	0.000000
281474976710655.000000	8.440912	1349	0.000000
281474976710655.000000	8.423300	1350	0.000000
281474976710655.000000	8.349174	1351	0.000000
281474976710655.000000	8.354507	1352	0.000000
281474976710655.000000	8.455754	1353	0.000000
281474976710655.000000	8.434626	1354	0.000000
281474976710655.000000	8.175379	1355	0.000000
281474976710655.000000	8.244309	1356	0.000000
281474976710655.000000	8.319962	1357	0.000000
281474976710655.000000	8.321699	1358	0.000000
281474976710655.000000	8.347166	1359	0.000000
281474976710655.000000	8.325898	1360	0.000000
281474976710655.000000	8.201447	1361	0.000000
281474976710655.000000	8.163933	1362	0.000000
281474976710655.000000	8.112164	1363	0.000000
281474976710655.000000	8.322926	1364	0.000000
281474976710655.000000	8.344842	1365	0.000000
281474976710655.000000	8.322201	1366	0.000000
281474976710655.000000	8.081555	1367	0.000000
281474976710655.000000	8.152769	1368	0.000000
281474976710655.000000	8.028605	1369	0.000000
281474976710655.000000	8.067854	1370	0.000000
281474976710655.000000	8.141712	1371	0.000000
281474976710655.000000	8.264671	1372	0.000000
281474976710655.000000	8.043060	1373	0.000000
281474976710655.000000	8.110841	1374	0.000000
281474976710655.000000	7.966989	1375	0.000000
281474976710655.000000	8.005111	1376	0.000000
281474976710655.000000	8.019017	1377	0.000000
281474976710655.000000	8.080035	1378	0.000000
281474976710655.000000	7.977791	1379	0.000000
281474976710655.000000	8.061730	1380	0.000000
281474976710655.000000	7.771824	1381	0.000000
281474976710655.000000	7.899371	1382	0.000000
281474976710655.000000	7.914138	1383	0.000000
281474976710655.000000	7.980399	1384	0.000000
281474976710655.000000	7.835261	1385	0.000000
281474976710655.000000	7.923017	1386	0.000000
281474976710655.000000	7.873089	1387	0.000000
281474976710655.000000	8.043517	1388	0.000000
281474976710655.000000	7.709010	1389	0.000000
281474976710655.000000	7.988128	1390	0.000000
281474976710655.000000	7.757744	1391	0.000000
281474976710655.000000	7.908632	1392	0.000000
281474976710655.000000	7.873271	1393	0.000000
281474976710655.000000	7.874525	1394	0.000000
281474976710655.000000	7.743744	1395	0.000000
281474976710655.000000	7.748729	1396	0.000000
281474976710655.000000	7.647078	1397	0.000000
281474976710655.000000	7.712271	1398	0.000000
281474976710655.000000	7.729215	1399	0.000000
281474976710655.000000	7.905358	1400	0.000000
281474976710655.000000	7.585104	1401	0.000000
281474976710655.000000	7.662837	1402	0.000000
281474976710655.000000	7.640803	1403	0.000000
281474976710655.000000	7.637555	1404	0.000000
281474976710655.000000	7.656838	1405	0.000000
281474976710655.000000	7.662084	1406	0.000000
281474976710655.000000	7.653359	1407	0.000000
281474976710655.000000	7.706002	1408	0.000000
281474976710655.000000	7.463183	1409	0.000000
281474976710655.000000	7.567366	1410	0.000000
281474976710655.000000	7.474542	1411	0.000000
281474976710655.000000	7.536272	1412	0.000000
281474976710655.000000	7.418112	1413	0.000000
281474976710655.000000	7.536798	1414	0.000000
281474976710655.000000	7.502382	1415	0.000000
281474976710655.000000	7.509516	1416	0.000000
281474976710655.000000	7.411199	1417	0.000000
281474976710655.000000	7.498103	1418	0.000000
281474976710655.000000	7.360258	1419	0.000000
281474976710655.000000	7.545993	1420	0.000000
281474976710655.000000	7.413161	1421	0.000000
281474976710655.000000	7.422395	1422	0.000000
281474976710655.000000	7.375471	1423	0.000000
281474976710655.000000	7.450208	1424	0.000000
281474976710655.000000	7.289130	1425	0.000000
281474976710655.000000	7.372063	1426	0.000000
281474976710655.000000	7.346683	1427	0.000000
281474976710655.000000	7.389103	1428	0.000000
281474976710655.000000	7.345774	1429	0.000000
281474976710655.000000	7.330585	1430	0.000000
281474976710655.000000	7.185141	1431	0.000000
281474976710655.000000	7.304156	1432	0.000000
281474976710655.000000	7.252383	1433	0.000000
281474976710655.000000	7.315701	1434	0.000000
281474976710655.000000	7.214944	1435	0.000000
281474976710655.000000	7.214131	1436	0.000000
281474976710655.000000	7.195606	1437	0.000000
281474976710655.000000	7.264164	1438	0.000000
281474976710655.000000	7.201838	1439	0.000000
281474976710655.000000	7.268498	1440	0.000000
281474976710655.000000	7.123969	1441	0.000000
281474976710655.000000	7.191745	1442	0.000000
281474976710655.000000	7.120760	1443	0.000000
281474976710655.000000	7.179437	1444	0.000000
281474976710655.000000	7.090914	1445	0.000000
281474976710655.000000	7.129510	1446	0.000000
281474976710655.000000	7.043180	1447	0.000000
281474976710655.000000	7.140434	1448	0.000000
281474976710655.000000	7.034494	1449	0.000000
281474976710655.000000	7.130520	1450	0.000000
281474976710655.000000	6.996803	1451	0.000000
281474976710655.000000	7.147077	1452	0.000000
281474976710655.000000	6.963171	1453	0.000000
281474976710655.000000	7.066304	1454	0.000000
281474976710655.000000	7.034009	1455	0.000000
281474976710655.000000	6.999535	1456	0.000000
281474976710655.000000	6.956385	1457	0.000000
281474976710655.000000	6.997418	1458	0.000000
281474976710655.000000	6.897525	1459	0.000000
281474976710655.000000	6.940435	1460	0.000000
281474976710655.000000	6.930277	1461	0.000000
281474976710655.000000	6.975496	1462	0.000000
281474976710655.000000	6.943820	1463	0.000000
281474976710655.000000	6.919893	1464	0.000000
281474976710655.000000	6.857088	1465	0.000000
281474976710655.000000	6.904483	1466	0.000000
281474976710655.000000	6.818732	1467	0.000000
281474976710655.000000	6.942390	1468	0.000000
281474976710655.000000	6.819487	1469	0.000000
281474976710655.000000	6.843366	1470	0.000000
281474976710655.000000	6.864696	1471	0.000000
281474976710655.000000	6.830411	1472	0.000000
281474976710655.000000	6.803962	1473	0.000000
281474976710655.000000	6.840014	1474	0.000000
281474976710655.000000	6.737725	1475	0.000000
281474976710655.000000	6.765135	1476	0.000000
281474976710655.000000	6.712864	1477	0.000000
281474976710655.000000	6.799477	1478	0.000000
281474976710655.000000	6.702836	1479	0.000000
281474976710655.000000	6.733893	1480	0.000000
281474976710655.000000	6.639153	1481	0.000000
281474976710655.000000	6.791355	1482	0.000000
281474976710655.000000	6.666298	1483	0.000000
281474976710655.000000	6.734575	1484	0.000000
281474976710655.000000	6.668858	1485	0.000000
281474976710655.000000	6.650731	1486	0.000000
281474976710655.000000	6.599834	1487	0.000000
281474976710655.000000	6.637629	1488	0.000000
281474976710655.000000	6.579566	1489	0.000000
281474976710655.000000	6.622802	1490	0.000000
281474976710655.000000	6.553073	1491	0.000000
281474976710655.000000	6.609733	1492	0.000000
281474976710655.000000	6.549437	1493	0.000000
281474976710655.000000	6.578988	1494	0.000000
281474976710655.000000	6.531294	1495	0.000000
281474976710655.000000	6.588079	1496	0.000000
281474976710655.000000	6.481007	1497	0.000000
281474976710655.000000	6.584991	1498	0.000000
281474976710655.000000	6.468574	1499	0.000000
281474976710655.000000	6.510779	1500	0.000000
281474976710655.000000	6.483601	1501	0.000000
281474976710655.000000	6.501824	1502	0.000000
281474976710655.000000	6.495372	1503	0.000000
281474976710655.000000	6.509703	1504	0.000000
281474976710655.000000	6.453987	1505	0.000000
281474976710655.000000	6.500434	1506	0.000000
281474976710655.000000	6.398173	1507	0.000000
281474976710655.000000	6.444489	1508	0.000000
281474976710655.000000	6.364874	1509	0.000000
281474976710655.000000	6.442320	1510	0.000000
281474976710655.000000	6.363576	1511	0.000000
281474976710655.000000	6.401283	1512	0.000000
281474976710655.000000	6.349075	1513	0.000000
281474976710655.000000	6.366993	1514	0.000000
281474976710655.000000	6.346371	1515	0.000000
281474976710655.000000	6.333485	1516	0.000000
281474976710655.000000	6.298545	1517	0.000000
281474976710655.000000	6.362118	1518	0.000000
281474976710655.000000	6.255903	1519	0.000000
281474976710655.000000	6.350507	1520	0.000000
281474976710655.000000	6.278260	1521	0.000000
281474976710655.000000	6.271758	1522	0.000000
281474976710655.000000	6.224236	1523	0.000000
281474976710655.000000	6.358057	1524	0.000000
281474976710655.000000	6.265003	1525	0.000000
281474976710655.000000	6.241749	1526	0.000000
281474976710655.000000	6.159885	1527	0.000000
281474976710655.000000	6.171816	1528	0.000000
281474976710655.000000	6.236703	1529	0.000000
281474976710655.000000	6.225890	1530	0.000000
281474976710655.000000	6.174276	1531	0.000000
281474976710655.000000	6.193343	1532	0.000000
281474976710655.000000	6.201498	1533	0.000000
281474976710655.000000	6.177057	1534	0.000000
281474976710655.000000	6.065838	1535	0.000000
281474976710655.000000	6.152554	1536	0.000000
281474976710655.000000	6.088298	1537	0.000000
281474976710655.000000	6.139167	1538	0.000000
281474976710655.000000	6.101174	1539	0.000000
281474976710655.000000	6.180163	1540	0.000000
281474976710655.000000	6.045147	1541	0.000000
281474976710655.000000	6.085002	1542	0.000000
281474976710655.000000	6.035657	1543	0.000000
281474976710655.000000	6.070669	1544	0.000000
281474976710655.000000	6.057311	1545	0.000000
281474976710655.000000	6.088814	1546	0.000000
281474976710655.000000	5.989693	1547	0.000000
281474976710655.000000	6.033539	1548	0.000000
281474976710655.000000	5.966938	1549	0.000000
281474976710655.000000	5.995801	1550	0.000000
281474976710655.000000	5.992239	1551	0.000000
281474976710655.000000	5.985963	1552	0.000000
281474976710655.000000	5.967574	1553	0.000000
281474976710655.000000	6.012673	1554	0.000000
281474976710655.000000	5.897449	1555	0.000000
281474976710655.000000	5.969406	1556	0.000000
281474976710655.000000	5.919659	1557	0.000000
281474976710655.000000	5.989651	1558	0.000000
281474976710655.000000	5.864781	1559	0.000000
281474976710655.000000	5.973476	1560	0.000000
281474976710655.000000	5.871173	1561	0.000000
281474976710655.000000	5.895784	1562	0.000000
281474976710655.000000	5.856875	1563	0.000000
281474976710655.000000	5.898559	1564	0.000000
281474976710655.000000	5.834184	1565	0.000000
281474976710655.000000	5.895604	1566	0.000000
281474976710655.000000	5.815140	1567	0.000000
281474976710655.000000	5.919118	1568	0.000000
281474976710655.000000	5.795936	1569	0.000000
281474976710655.000000	5.833074	1570	0.000000
281474976710655.000000	5.802918	1571	0.000000
281474976710655.000000	5.820831	1572	0.000000
281474976710655.000000	5.799097	1573	0.000000
281474976710655.000000	5.811772	1574	0.000000
281474976710655.000000	5.751158	1575	0.000000
281474976710655.000000	5.817792	1576	0.000000
281474976710655.000000	5.746558	1577	0.000000
281474976710655.000000	5.755851	1578	0.000000
281474976710655.000000	5.706603	1579	0.000000
281474976710655.000000	5.739924	1580	0.000000
281474976710655.000000	5.708410	1581	0.000000
281474976710655.000000	5.736220	1582	0.000000
281474976710655.000000	5.730059	1583	0.000000
281474976710655.000000	5.726908	1584	0.000000
281474976710655.000000	5.651381	1585	0.000000
281474976710655.000000	5.721187	1586	0.000000
281474976710655.000000	5.678471	1587	0.000000
281474976710655.000000	5.721372	1588	0.000000
281474976710655.000000	5.596402	1589	0.000000
281474976710655.000000	5.689604	1590	0.000000
281474976710655.000000	5.629690	1591	0.000000
281474976710655.000000	5.686297	1592	0.000000
281474976710655.000000	5.617326	1593	0.000000
281474976710655.000000	5.654251	1594	0.000000
281474976710655.000000	5.570851	1595	0.000000
281474976710655.000000	5.652222	1596	0.000000
281474976710655.000000	5.580514	1597	0.000000
281474976710655.000000	5.585027	1598	0.000000
281474976710655.000000	5.538183	1599	0.000000
281474976710655.000000	5.604424	1600	0.000000
281474976710655.000000	5.543930	1601	0.000000
281474976710655.000000	5.591094	1602	0.000000
281474976710655.000000	5.543012	1603	0.000000
281474976710655.000000	5.570014	1604	0.000000
281474976710655.000000	5.514166	1605	0.000000
281474976710655.000000	5.544927	1606	0.000000
281474976710655.000000	5.499202	1607	0.000000
281474976710655.000000	5.501225	1608	0.000000
281474976710655.000000	5.479381	1609	0.000000
281474976710655.000000	5.505356	1610	0.000000
281474976710655.000000	5.436718	1611	0.000000
281474976710655.000000	5.481761	1612	0.000000
281474976710655.000000	5.442146	1613	0.000000
281474976710655.000000	5.480835	1614	0.000000
281474976710655.000000	5.383318	1615	0.000000
281474976710655.000000	5.483209	1616	0.000000
281474976710655.000000	5.405320	1617	0.000000
281474976710655.000000	5.425949	1618	0.000000
281474976710655.000000	5.390928	1619	0.000000
281474976710655.000000	5.456286	1620	0.000000
281474976710655.000000	5.382509	1621	0.000000
281474976710655.000000	5.441543	1622	0.000000
281474976710655.000000	5.396641	1623	0.000000
281474976710655.000000	5.416821	1624	0.000000
281474976710655.000000	5.345028	1625	0.000000
281474976710655.000000	5.367840	1626	0.000000
281474976710655.000000	5.320457	1627	0.000000
281474976710655.000000	5.364398	1628	0.000000
281474976710655.000000	5.323108	1629	0.000000
281474976710655.000000	5.377319	1630	0.000000
281474976710655.000000	5.296536	1631	0.000000
281474976710655.000000	5.351317	1632	0.000000
281474976710655.000000	5.279818	1633	0.000000
281474976710655.000000	5.348409	1634	0.000000
281474976710655.000000	5.255578	1635	0.000000
281474976710655.000000	5.284614	1636	0.000000
281474976710655.000000	5.271005	1637	0.000000
281474976710655.000000	5.296788	1638	0.000000
281474976710655.000000	5.228877	1639	0.000000
281474976710655.000000	5.269423	1640	0.000000
281474976710655.000000	5.245023	1641	0.000000
281474976710655.000000	5.270818	1642	0.000000
281474976710655.000000	5.216658	1643	0.000000
281474976710655.000000	5.244586	1644	0.000000
281474976710655.000000	5.186244	1645	0.000000
281474976710655.000000	5.239932	1646	0.000000
