crossing time (s)	slope (V/s)	crossing number
281474976710655.000000	9.469004	2605	0.000000
281474976710655.000000	9.187930	2606	0.000000
281474976710655.000000	8.945549	2607	0.000000
281474976710655.000000	9.148428	2608	0.000000
281474976710655.000000	9.979486	2609	0.000000
281474976710655.000000	9.665883	2610	0.000000
281474976710655.000000	9.674478	2611	0.000000
281474976710655.000000	9.264463	2612	0.000000
281474976710655.000000	9.417574	2613	0.000000
281474976710655.000000	9.282339	2614	0.000000
281474976710655.000000	9.434023	2615	0.000000
281474976710655.000000	9.336493	2616	0.000000
281474976710655.000000	9.251314	2617	0.000000
281474976710655.000000	9.143469	2618	0.000000
281474976710655.000000	9.637582	2619	0.000000
281474976710655.000000	9.567960	2620	0.000000
281474976710655.000000	9.440006	2621	0.000000
281474976710655.000000	9.018556	2622	0.000000
281474976710655.000000	8.977440	2623	0.000000
281474976710655.000000	9.144852	2624	0.000000
281474976710655.000000	9.465117	2625	0.000000
281474976710655.000000	9.424757	2626	0.000000
281474976710655.000000	9.653452	2627	0.000000
281474976710655.000000	9.103920	2628	0.000000
281474976710655.000000	9.314586	2629	0.000000
281474976710655.000000	9.166124	2630	0.000000
281474976710655.000000	9.413417	2631	0.000000
281474976710655.000000	9.057848	2632	0.000000
281474976710655.000000	9.262819	2633	0.000000
281474976710655.000000	9.145714	2634	0.000000
281474976710655.000000	9.174182	2635	0.000000
281474976710655.000000	8.928691	2636	0.000000
281474976710655.000000	9.345261	2637	0.000000
281474976710655.000000	9.059011	2638	0.000000
281474976710655.000000	9.211862	2639	0.000000
281474976710655.000000	9.009406	2640	0.000000
281474976710655.000000	9.046032	2641	0.000000
281474976710655.000000	9.000734	2642	0.000000
281474976710655.000000	9.212685	2643	0.000000
281474976710655.000000	9.088445	2644	0.000000
281474976710655.000000	9.316703	2645	0.000000
281474976710655.000000	8.977834	2646	0.000000
281474976710655.000000	9.151912	2647	0.000000
281474976710655.000000	8.949430	2648	0.000000
281474976710655.000000	9.060759	2649	0.000000
281474976710655.000000	9.235000	2650	0.000000
281474976710655.000000	9.242933	2651	0.000000
281474976710655.000000	8.978045	2652	0.000000
281474976710655.000000	9.164009	2653	0.000000
281474976710655.000000	8.871145	2654	0.000000
281474976710655.000000	9.010641	2655	0.000000
281474976710655.000000	8.714128	2656	0.000000
281474976710655.000000	9.185293	2657	0.000000
281474976710655.000000	8.778483	2658	0.000000
281474976710655.000000	9.151848	2659	0.000000
281474976710655.000000	8.990584	2660	0.000000
281474976710655.000000	9.200086	2661	0.000000
281474976710655.000000	8.897763	2662	0.000000
281474976710655.000000	8.958538	2663	0.000000
281474976710655.000000	8.945508	2664	0.000000
281474976710655.000000	8.963762	2665	0.000000
281474976710655.000000	8.950178	2666	0.000000
281474976710655.000000	9.047798	2667	0.000000
281474976710655.000000	9.065773	2668	0.000000
281474976710655.000000	8.991685	2669	0.000000
281474976710655.000000	8.834362	2670	0.000000
281474976710655.000000	8.703116	2671	0.000000
281474976710655.000000	8.748185	2672	0.000000
281474976710655.000000	8.783848	2673	0.000000
281474976710655.000000	8.923944	2674	0.000000
281474976710655.000000	8.833929	2675	0.000000
281474976710655.000000	8.996463	2676	0.000000
281474976710655.000000	8.928172	2677	0.000000
281474976710655.000000	8.548862	2678	0.000000
281474976710655.000000	8.886154	2679	0.000000
281474976710655.000000	8.747523	2680	0.000000
281474976710655.000000	8.934633	2681	0.000000
281474976710655.000000	8.686992	2682	0.000000
281474976710655.000000	9.042597	2683	0.000000
281474976710655.000000	8.827892	2684	0.000000
281474976710655.000000	8.760489	2685	0.000000
281474976710655.000000	8.522190	2686	0.000000
281474976710655.000000	8.840637	2687	0.000000
281474976710655.000000	8.681806	2688	0.000000
281474976710655.000000	9.033691	2689	0.000000
281474976710655.000000	8.599902	2690	0.000000
281474976710655.000000	8.762770	2691	0.000000
281474976710655.000000	8.388597	2692	0.000000
281474976710655.000000	8.784862	2693	0.000000
281474976710655.000000	8.641931	2694	0.000000
281474976710655.000000	8.890297	2695	0.000000
281474976710655.000000	8.570236	2696	0.000000
281474976710655.000000	8.680725	2697	0.000000
281474976710655.000000	8.563114	2698	0.000000
281474976710655.000000	8.669679	2699	0.000000
281474976710655.000000	8.484934	2700	0.000000
281474976710655.000000	8.644328	2701	0.000000
281474976710655.000000	8.615184	2702	0.000000
281474976710655.000000	8.546068	2703	0.000000
281474976710655.000000	8.627130	2704	0.000000
281474976710655.000000	8.485262	2705	0.000000
281474976710655.000000	8.536894	2706	0.000000
281474976710655.000000	8.584538	2707	0.000000
281474976710655.000000	8.405619	2708	0.000000
281474976710655.000000	8.559912	2709	0.000000
281474976710655.000000	8.452826	2710	0.000000
281474976710655.000000	8.734611	2711	0.000000
281474976710655.000000	8.496216	2712	0.000000
281474976710655.000000	8.387090	2713	0.000000
281474976710655.000000	8.527949	2714	0.000000
281474976710655.000000	8.659911	2715	0.000000
281474976710655.000000	8.442842	2716	0.000000
281474976710655.000000	8.557877	2717	0.000000
281474976710655.000000	8.410604	2718	0.000000
281474976710655.000000	8.681097	2719	0.000000
281474976710655.000000	8.334250	2720	0.000000
281474976710655.000000	8.357113	2721	0.000000
281474976710655.000000	8.430002	2722	0.000000
281474976710655.000000	8.615145	2723	0.000000
281474976710655.000000	8.354420	2724	0.000000
281474976710655.000000	8.495542	2725	0.000000
281474976710655.000000	8.325754	2726	0.000000
281474976710655.000000	8.618383	2727	0.000000
281474976710655.000000	8.314857	2728	0.000000
281474976710655.000000	8.411628	2729	0.000000
281474976710655.000000	8.412722	2730	0.000000
281474976710655.000000	8.500189	2731	0.000000
281474976710655.000000	8.268427	2732	0.000000
281474976710655.000000	8.437896	2733	0.000000
281474976710655.000000	8.276162	2734	0.000000
281474976710655.000000	8.540577	2735	0.000000
281474976710655.000000	8.332473	2736	0.000000
281474976710655.000000	8.540771	2737	0.000000
281474976710655.000000	8.284334	2738	0.000000
281474976710655.000000	8.221650	2739	0.000000
281474976710655.000000	8.193688	2740	0.000000
281474976710655.000000	8.445331	2741	0.000000
281474976710655.000000	8.163011	2742	0.000000
281474976710655.000000	8.314447	2743	0.000000
281474976710655.000000	8.274363	2744	0.000000
281474976710655.000000	8.357903	2745	0.000000
281474976710655.000000	8.236009	2746	0.000000
281474976710655.000000	8.164238	2747	0.000000
281474976710655.000000	8.226841	2748	0.000000
281474976710655.000000	8.287011	2749	0.000000
281474976710655.000000	8.170911	2750	0.000000
281474976710655.000000	8.408231	2751	0.000000
281474976710655.000000	8.019413	2752	0.000000
281474976710655.000000	8.278939	2753	0.000000
281474976710655.000000	8.097944	2754	0.000000
281474976710655.000000	8.236567	2755	0.000000
281474976710655.000000	8.171089	2756	0.000000
281474976710655.000000	8.326696	2757	0.000000
281474976710655.000000	8.081916	2758	0.000000
281474976710655.000000	8.135154	2759	0.000000
281474976710655.000000	8.019732	2760	0.000000
281474976710655.000000	8.248723	2761	0.000000
281474976710655.000000	8.023404	2762	0.000000
281474976710655.000000	8.338835	2763	0.000000
281474976710655.000000	7.984793	2764	0.000000
281474976710655.000000	8.231605	2765	0.000000
281474976710655.000000	8.096746	2766	0.000000
281474976710655.000000	8.230833	2767	0.000000
281474976710655.000000	8.082962	2768	0.000000
281474976710655.000000	8.081932	2769	0.000000
281474976710655.000000	7.984125	2770	0.000000
281474976710655.000000	8.291825	2771	0.000000
281474976710655.000000	8.014605	2772	0.000000
281474976710655.000000	8.244051	2773	0.000000
281474976710655.000000	7.846715	2774	0.000000
281474976710655.000000	8.095713	2775	0.000000
281474976710655.000000	7.968167	2776	0.000000
281474976710655.000000	8.133578	2777	0.000000
281474976710655.000000	7.946700	2778	0.000000
281474976710655.000000	8.138349	2779	0.000000
281474976710655.000000	7.846213	2780	0.000000
281474976710655.000000	8.282126	2781	0.000000
281474976710655.000000	7.939133	2782	0.000000
281474976710655.000000	8.121607	2783	0.000000
281474976710655.000000	7.799717	2784	0.000000
281474976710655.000000	8.026464	2785	0.000000
281474976710655.000000	7.908345	2786	0.000000
281474976710655.000000	7.983638	2787	0.000000
281474976710655.000000	7.814924	2788	0.000000
281474976710655.000000	7.989584	2789	0.000000
281474976710655.000000	7.792608	2790	0.000000
281474976710655.000000	7.938110	2791	0.000000
281474976710655.000000	7.790625	2792	0.000000
281474976710655.000000	7.990525	2793	0.000000
281474976710655.000000	7.703934	2794	0.000000
281474976710655.000000	7.971043	2795	0.000000
281474976710655.000000	7.772094	2796	0.000000
281474976710655.000000	7.811162	2797	0.000000
281474976710655.000000	7.787523	2798	0.000000
281474976710655.000000	7.996990	2799	0.000000
281474976710655.000000	7.798207	2800	0.000000
281474976710655.000000	7.859583	2801	0.000000
281474976710655.000000	7.746380	2802	0.000000
281474976710655.000000	7.897186	2803	0.000000
281474976710655.000000	7.841184	2804	0.000000
281474976710655.000000	7.809443	2805	0.000000
281474976710655.000000	7.819177	2806	0.000000
281474976710655.000000	7.791662	2807	0.000000
281474976710655.000000	7.768834	2808	0.000000
281474976710655.000000	7.786931	2809	0.000000
281474976710655.000000	7.716884	2810	0.000000
281474976710655.000000	7.815913	2811	0.000000
281474976710655.000000	7.718308	2812	0.000000
281474976710655.000000	7.608614	2813	0.000000
281474976710655.000000	7.722528	2814	0.000000
281474976710655.000000	7.727612	2815	0.000000
281474976710655.000000	7.698660	2816	0.000000
281474976710655.000000	7.709651	2817	0.000000
281474976710655.000000	7.605988	2818	0.000000
281474976710655.000000	7.726942	2819	0.000000
281474976710655.000000	7.634300	2820	0.000000
281474976710655.000000	7.711247	2821	0.000000
281474976710655.000000	7.585867	2822	0.000000
281474976710655.000000	7.676809	2823	0.000000
281474976710655.000000	7.657918	2824	0.000000
281474976710655.000000	7.675987	2825	0.000000
281474976710655.000000	7.635026	2826	0.000000
281474976710655.000000	7.732627	2827	0.000000
281474976710655.000000	7.525398	2828	0.000000
281474976710655.000000	7.671217	2829	0.000000
281474976710655.000000	7.551611	2830	0.000000
281474976710655.000000	7.590485	2831	0.000000
281474976710655.000000	7.425657	2832	0.000000
281474976710655.000000	7.563439	2833	0.000000
281474976710655.000000	7.480060	2834	0.000000
281474976710655.000000	7.611182	2835	0.000000
281474976710655.000000	7.527350	2836	0.000000
281474976710655.000000	7.637671	2837	0.000000
281474976710655.000000	7.546906	2838	0.000000
281474976710655.000000	7.580037	2839	0.000000
281474976710655.000000	7.460794	2840	0.000000
281474976710655.000000	7.610412	2841	0.000000
281474976710655.000000	7.472270	2842	0.000000
281474976710655.000000	7.566841	2843	0.000000
281474976710655.000000	7.452115	2844	0.000000
281474976710655.000000	7.575351	2845	0.000000
281474976710655.000000	7.404203	2846	0.000000
281474976710655.000000	7.484898	2847	0.000000
281474976710655.000000	7.426402	2848	0.000000
281474976710655.000000	7.561343	2849	0.000000
281474976710655.000000	7.447440	2850	0.000000
281474976710655.000000	7.600172	2851	0.000000
281474976710655.000000	7.319935	2852	0.000000
281474976710655.000000	7.601271	2853	0.000000
281474976710655.000000	7.381774	2854	0.000000
281474976710655.000000	7.508936	2855	0.000000
281474976710655.000000	7.357845	2856	0.000000
281474976710655.000000	7.477887	2857	0.000000
281474976710655.000000	7.350666	2858	0.000000
281474976710655.000000	7.495797	2859	0.000000
281474976710655.000000	7.324248	2860	0.000000
281474976710655.000000	7.444843	2861	0.000000
281474976710655.000000	7.251142	2862	0.000000
281474976710655.000000	7.470587	2863	0.000000
281474976710655.000000	7.299368	2864	0.000000
281474976710655.000000	7.455268	2865	0.000000
281474976710655.000000	7.266887	2866	0.000000
281474976710655.000000	7.442350	2867	0.000000
281474976710655.000000	7.279389	2868	0.000000
281474976710655.000000	7.403912	2869	0.000000
281474976710655.000000	7.284054	2870	0.000000
281474976710655.000000	7.398979	2871	0.000000
281474976710655.000000	7.226705	2872	0.000000
281474976710655.000000	7.365617	2873	0.000000
281474976710655.000000	7.273079	2874	0.000000
281474976710655.000000	7.347318	2875	0.000000
281474976710655.000000	7.283883	2876	0.000000
281474976710655.000000	7.267407	2877	0.000000
281474976710655.000000	7.223790	2878	0.000000
281474976710655.000000	7.273776	2879	0.000000
281474976710655.000000	7.243251	2880	0.000000
281474976710655.000000	7.218607	2881	0.000000
281474976710655.000000	7.221187	2882	0.000000
281474976710655.000000	7.265124	2883	0.000000
281474976710655.000000	7.163725	2884	0.000000
281474976710655.000000	7.249157	2885	0.000000
281474976710655.000000	7.193838	2886	0.000000
281474976710655.000000	7.167304	2887	0.000000
281474976710655.000000	7.185510	2888	0.000000
281474976710655.000000	7.138923	2889	0.000000
281474976710655.000000	7.141763	2890	0.000000
281474976710655.000000	7.205422	2891	0.000000
281474976710655.000000	7.083562	2892	0.000000
281474976710655.000000	7.176946	2893	0.000000
281474976710655.000000	7.111952	2894	0.000000
281474976710655.000000	7.186440	2895	0.000000
281474976710655.000000	7.085200	2896	0.000000
281474976710655.000000	7.144114	2897	0.000000
281474976710655.000000	7.125593	2898	0.000000
281474976710655.000000	7.084640	2899	0.000000
281474976710655.000000	7.040477	2900	0.000000
281474976710655.000000	7.095572	2901	3128077568.000000
281474976710655.000000	6.975763	2902	3129148928.000000
281474976710655.000000	7.607486	2903	3130158336.000000
281474976710655.000000	7.257373	2904	3131231744.000000
281474976710655.000000	7.896404	2905	3132242688.000000
281474976710655.000000	7.648659	2906	3133315328.000000
281474976710655.000000	7.854688	2907	3134326272.000000
281474976710655.000000	7.819395	2908	3135398144.000000
281474976710655.000000	7.796384	2909	3136409600.000000
281474976710655.000000	7.921751	2910	3137479168.000000
281474976710655.000000	8.401912	2911	3138493184.000000
