time (s)	energy (uJ)	charge (mC)	voltage (mV)	crossing#mod 255
6994.093598	42.893394	0.004257	10.075781	83
6995.137614	45.248920	0.004259	10.625474	84
6996.176418	42.525856	0.004237	10.036939	85
6997.217619	46.146439	0.004255	10.845801	86
6998.265685	41.504307	0.004261	9.740801	87
6999.297698	45.562061	0.004254	10.710886	88
7000.348204	48.076534	0.004274	11.247584	89
7001.374094	46.279831	0.004246	10.898376	90
7002.433151	42.889091	0.004288	10.002452	91
7003.459170	44.924946	0.004248	10.575873	92
7004.511619	43.325756	0.004250	10.193302	93
7005.547769	66.940094	0.004250	15.749370	94
7006.589428	43.639706	0.004243	10.284341	95
7007.633814	44.769573	0.004268	10.489815	96
7008.669852	43.569263	0.004260	10.226965	97
7009.714434	45.788231	0.004249	10.775706	98
7010.753348	43.223190	0.004270	10.122316	99
7011.795292	46.103428	0.004245	10.859828	100
7012.839330	42.458668	0.004247	9.997347	101
7013.873318	46.114647	0.004245	10.863626	102
7014.925407	42.274620	0.004263	9.917319	103
7015.955483	46.110050	0.004254	10.840184	104
7017.007474	43.445534	0.004249	10.223742	105
7018.035458	46.410187	0.004246	10.929440	106
7019.091382	42.631783	0.004247	10.038673	107
7020.121519	45.451828	0.004251	10.692502	108
7021.176394	42.411736	0.004236	10.011554	109
7022.202198	45.940823	0.004240	10.836205	110
7023.256224	43.153065	0.004254	10.144233	111
7024.282266	46.685642	0.004264	10.949039	112
7025.337962	43.274776	0.004249	10.184407	113
7026.365299	46.736320	0.004259	10.973721	114
7027.421360	43.016281	0.004259	10.100884	115
7028.451378	46.113987	0.004266	10.810410	116
7029.503933	42.459877	0.004241	10.012632	117
7030.533583	46.341991	0.004241	10.927337	118
7031.584941	42.352367	0.004246	9.975814	119
7032.618765	46.523163	0.004256	10.932430	120
7033.661514	43.785828	0.004265	10.266864	121
7034.705539	45.527184	0.004246	10.721853	122
7035.742150	44.030483	0.004256	10.345170	123
7036.788249	49.782749	0.004271	11.656763	124
7037.824240	45.228947	0.004263	10.609104	125
7038.868244	45.025429	0.004247	10.601409	126
7039.910251	44.655907	0.004248	10.511201	127
7040.946354	45.897938	0.004260	10.773505	128
7041.996345	44.720112	0.004269	10.474854	129
7043.027335	45.853382	0.004267	10.747240	130
7044.079315	44.432728	0.004253	10.446900	131
7045.109353	46.168728	0.004251	10.861219	132
7046.161640	43.471188	0.004237	10.259777	133
7047.195903	45.690769	0.004255	10.737900	134
7048.244885	42.853905	0.004246	10.092262	135
7049.278854	46.351261	0.004250	10.905821	136
7050.324874	42.946339	0.004250	10.104668	137
7051.363281	45.923420	0.004246	10.814513	138
7052.403461	44.057903	0.004261	10.338975	139
7053.449057	44.577473	0.004244	10.503870	140
7054.485500	44.781754	0.004266	10.498316	141
7055.531591	45.083813	0.004264	10.573367	142
7056.566129	45.017067	0.004248	10.597913	143
7057.612276	45.147251	0.004259	10.600164	144
7058.650124	45.035748	0.004240	10.622302	145
7059.693920	45.554737	0.004235	10.757372	146
7060.732274	45.306416	0.004240	10.686679	147
7061.776288	45.269955	0.004247	10.658426	148
7062.814311	45.138058	0.004247	10.627772	149
7063.858375	45.588211	0.004249	10.728365	150
7064.896448	45.123474	0.004259	10.595067	151
7065.944517	44.551220	0.004253	10.476048	152
7066.978964	44.772301	0.004245	10.546848	153
7068.027043	44.701790	0.004247	10.525536	154
7069.064420	43.780800	0.004236	10.336460	155
7070.107616	45.584438	0.004252	10.720235	156
7071.145454	44.082611	0.004248	10.377535	157
7072.187402	45.854649	0.004247	10.797688	158
7073.231715	43.566895	0.004258	10.231347	159
7074.267533	45.927063	0.004239	10.835271	160
7075.315723	43.731274	0.004250	10.288772	161
7076.347848	46.023697	0.004241	10.852396	162
7077.400077	43.849590	0.004249	10.320139	163
7078.429304	45.593277	0.004255	10.715411	164
7079.482807	44.413647	0.004255	10.436891	165
7080.515264	44.095058	0.004241	10.398122	166
7081.563771	44.704720	0.004247	10.525216	167
7082.599825	43.901409	0.004238	10.358455	168
7083.643865	44.809635	0.004256	10.528739	169
7084.684409	44.005043	0.004252	10.349645	170
7085.725021	44.537952	0.004254	10.469262	171
7086.769630	43.341705	0.004235	10.234461	172
7087.804141	45.187294	0.004279	10.560237	173
7088.850255	44.528164	0.004258	10.458204	174
7089.889054	43.579655	0.004236	10.288217	175
7090.932103	44.779716	0.004238	10.566198	176
7091.970069	44.249638	0.004248	10.415986	177
7093.014295	44.750416	0.004265	10.493193	178
7094.053776	43.910160	0.004245	10.343541	179
7095.094265	45.311699	0.004255	10.647925	180
7096.138339	43.474884	0.004257	10.212163	181
7097.179130	43.933418	0.004233	10.379506	182
7098.220009	43.784897	0.004244	10.317135	183
7099.260235	44.493488	0.004236	10.502481	184
7100.302257	43.870045	0.004240	10.346014	185
7101.342389	45.249870	0.004267	10.604620	186
7102.388408	42.818970	0.004249	10.077432	187
7103.424388	44.932686	0.004250	10.572997	188
7104.466444	43.863079	0.004251	10.318083	189
7105.508515	44.660400	0.004267	10.467213	190
7106.546510	44.532063	0.004252	10.472983	191
7107.592583	43.763123	0.004258	10.277388	192
7108.630572	44.165443	0.004276	10.329731	193
7109.674471	44.332077	0.004245	10.443277	194
7110.712668	42.978062	0.004272	10.060755	195
7111.757083	43.834171	0.004244	10.327625	196
7112.797182	43.825993	0.004251	10.308520	197
7113.839227	43.316025	0.004248	10.195795	198
7114.879515	44.624149	0.004258	10.480834	199
7115.918318	43.876331	0.004261	10.297244	200
7116.966323	43.753727	0.004253	10.286912	201
7117.998577	44.116634	0.004244	10.394501	202
7119.048732	44.161224	0.004249	10.394132	203
7120.079948	44.374691	0.004258	10.421333	204
7121.131771	43.977859	0.004238	10.375885	205
7122.159868	45.206558	0.004252	10.631897	206
7123.215941	43.097466	0.004254	10.131543	207
7124.246511	43.650829	0.004245	10.283312	208
7125.295393	43.561253	0.004244	10.265143	209
7126.329528	44.040661	0.004263	10.329988	210
7127.379523	42.646339	0.004258	10.015725	211
7128.413547	44.003475	0.004256	10.338630	212
7129.461644	42.092419	0.004257	9.886930	213
7130.497643	43.798428	0.004270	10.258115	214
7131.540200	42.994240	0.004253	10.109425	215
7132.582763	42.841679	0.004253	10.073384	216
7133.621346	43.261673	0.004258	10.158971	217
7134.663289	43.712204	0.004245	10.296910	218
7135.703351	43.705463	0.004298	10.168234	219
7136.749373	42.368999	0.004248	9.973548	220
7137.788201	42.335335	0.004236	9.994522	221
7138.829455	43.259697	0.004265	10.142696	222
7139.867527	43.716671	0.004272	10.234210	223
7140.911453	43.263523	0.004246	10.188709	224
7141.949534	43.902603	0.004241	10.352891	225
7142.993636	42.914429	0.004259	10.076882	226
7144.035650	42.759243	0.004244	10.074048	227
7145.077700	42.062908	0.004244	9.909993	228
7146.117840	43.028008	0.004269	10.078259	229
7147.157816	42.563389	0.004254	10.006282	230
7148.201906	42.634281	0.004271	9.982329	231
7149.237532	43.455845	0.004236	10.257872	232
7150.285969	42.333691	0.004258	9.942007	233
7151.317937	43.402912	0.004250	10.211859	234
7152.374031	40.940113	0.004247	9.638923	235
7153.400496	42.781475	0.004252	10.060508	236
7154.452395	40.982651	0.004240	9.665352	237
7155.482514	43.066383	0.004256	10.119007	238
7156.538520	41.481853	0.004250	9.761561	239
7157.564365	43.035908	0.004248	10.129840	240
7158.617020	43.059055	0.004271	10.080762	241
7159.648765	41.777626	0.004250	9.829480	242
7160.697709	43.739697	0.004261	10.265902	243
7161.735731	41.018475	0.004244	9.665418	244
7162.780269	42.283257	0.004255	9.938437	245
7163.818254	41.481194	0.004262	9.733495	246
7164.859985	42.713840	0.004246	10.058668	247
7165.902253	41.303913	0.004261	9.692944	248
7166.940164	43.524734	0.004253	10.233564	249
7167.984294	41.724819	0.004246	9.827959	250
7169.021865	43.229916	0.004258	10.152526	251
7170.067906	41.415642	0.004242	9.762532	252
7171.104753	42.735771	0.004247	10.063643	253
7172.150935	40.195862	0.004253	9.450780	254
7173.186945	42.917629	0.004253	10.092063	255
7174.231483	41.786694	0.004239	9.858232	0
7175.269501	43.314816	0.004247	10.199447	1
7176.313567	41.591850	0.004282	9.713405	2
7177.353656	41.638065	0.004255	9.784709	3
7178.397680	41.227016	0.004257	9.683396	4
7179.434196	42.894554	0.004249	10.094925	5
7180.480292	40.944832	0.004256	9.621102	6
7181.516252	42.888496	0.004254	10.082186	7
7182.564227	40.138912	0.004236	9.474702	8
7183.598318	43.223560	0.004247	10.176537	9
7184.645269	41.089169	0.004256	9.653551	10
7185.684224	41.850529	0.004257	9.829887	11
7186.728788	40.745979	0.004247	9.594016	12
7187.766812	41.797626	0.004250	9.834883	13
7188.811641	39.698486	0.004243	9.356902	14
7189.848864	42.350491	0.004256	9.949700	15
7190.890782	38.995441	0.004245	9.187185	16
7191.932899	42.207287	0.004257	9.914571	17
7192.970874	40.919769	0.004247	9.635679	18
7194.020930	40.177456	0.004236	9.484118	19
7195.053538	40.076561	0.004253	9.423476	20
7196.101577	41.809357	0.004258	9.818726	21
7197.134133	40.552467	0.004273	9.491135	22
7198.186121	41.042721	0.004248	9.661044	23
7199.216148	40.299511	0.004252	9.477123	24
7200.266563	42.051105	0.004251	9.891146	25
7201.298649	40.521366	0.004251	9.532616	26
7202.350644	41.141193	0.004256	9.666377	27
7203.379098	41.202454	0.004248	9.699675	28
7204.431094	41.632221	0.004247	9.802771	29
7205.465680	39.855343	0.004260	9.354949	30
7206.513678	42.429283	0.004257	9.965826	31
7207.546590	40.585789	0.004246	9.558331	32
7208.594587	41.321697	0.004248	9.726367	33
7209.630160	40.544079	0.004257	9.524219	34
7210.676196	41.310738	0.004249	9.722024	35
7211.714590	40.502060	0.004261	9.505897	36
7212.758486	41.061440	0.004248	9.665512	37
7213.796358	40.135632	0.004249	9.445495	38
7214.840215	41.314056	0.004258	9.702467	39
7215.878713	40.829964	0.004248	9.610863	40
7216.923240	41.284523	0.004273	9.661027	41
7217.963340	39.660942	0.004267	9.293793	42
7219.005289	41.167953	0.004251	9.685269	43
7220.045375	39.722134	0.004273	9.296915	44
7221.089402	40.805511	0.004266	9.565517	45
7222.125458	40.672806	0.004249	9.572970	46
7223.171914	40.992813	0.004272	9.594694	47
7224.208512	39.405357	0.004251	9.269534	48
7225.254374	40.668762	0.004244	9.581553	49
7226.290553	39.748703	0.004240	9.373633	50
7227.336983	41.340946	0.004246	9.736768	51
7228.370917	39.841301	0.004247	9.379983	52
7229.420939	40.913776	0.004242	9.644030	53
7230.453029	41.197670	0.004250	9.693655	54
7231.507135	40.149239	0.004265	9.412576	55
7232.537953	38.049732	0.004240	8.974403	56
7233.586591	41.452965	0.004270	9.707329	57
7234.618080	39.326767	0.004272	9.205754	58
7235.671790	39.742352	0.004252	9.346176	59
7236.702073	39.415363	0.004285	9.198500	60
7237.751827	40.312740	0.004250	9.485296	61
7238.786132	38.185196	0.004251	8.983688	62
7239.833088	40.470501	0.004242	9.539981	63
7240.869069	38.485462	0.004256	9.043036	64
7241.915635	40.109051	0.004248	9.442193	65
7242.952159	38.563034	0.004249	9.074738	66
7243.996173	40.510845	0.004239	9.557138	67
7245.038285	36.249992	0.004241	8.547772	68
7246.080349	40.070297	0.004259	9.408730	69
7247.122289	39.286308	0.004257	9.227871	70
7248.170401	40.985519	0.004245	9.655113	71
7249.203362	39.581005	0.004251	9.311998	72
7250.255456	40.351105	0.004265	9.459980	73
7251.296024	36.856709	0.004269	8.634021	74
7252.334553	38.542774	0.004234	9.102450	75
7253.380604	37.088688	0.004255	8.715522	76
7254.413050	40.292896	0.004239	9.505741	77
7255.457107	38.897045	0.004271	9.106259	78
7256.505055	38.747787	0.004251	9.115383	79
7257.543213	35.331264	0.004268	8.278769	80
7258.589210	36.557198	0.004254	8.592971	81
7259.631224	34.913059	0.004258	8.199368	82
7260.664953	38.039955	0.004260	8.930285	83
7261.715385	35.266914	0.004247	8.303088	84
7262.748635	37.456600	0.004251	8.811099	85
7263.794769	35.851318	0.004250	8.436382	86
7264.834755	37.467304	0.004249	8.818710	87
7265.876873	34.477180	0.004251	8.109746	88
7266.918756	37.495281	0.004236	8.851124	89
7267.956966	33.954895	0.004252	7.985445	90
7269.006989	34.508820	0.004240	8.138837	91
7270.040942	33.790714	0.004248	7.953729	92
7271.085498	36.774349	0.004278	8.596238	93
7272.125507	33.738297	0.004263	7.915023	94
7273.171595	35.093681	0.004252	8.254363	95
7274.210151	32.737682	0.004243	7.716230	96
7275.250673	36.374664	0.004250	8.558696	97
7276.289027	33.804115	0.004249	7.955389	98
7277.335015	39.140945	0.004245	9.219712	99
7278.370293	38.048756	0.004243	8.966938	100
7279.417297	40.198761	0.004287	9.377231	101
7280.457757	37.984451	0.004249	8.939815	102
7281.495785	39.949860	0.004253	9.392274	103
7282.544257	37.117573	0.004257	8.719351	104
7283.620664	38.156059	0.004248	8.982752	105
7284.653139	33.720043	0.004279	7.879745	106
7285.697114	37.398247	0.004256	8.786748	107
7287.871179	19.896833	0.004264	4.666401	108
7288.907100	18.613068	0.004250	4.379629	109
7289.861225	37.801552	0.004255	8.884297	110
7292.035797	19.532757	0.004248	4.597958	111
7294.212012	13.811532	0.004275	3.231023	112
7295.169935	17.569004	0.004251	4.132541	113
7296.126514	38.769066	0.004264	9.091520	114
7297.160567	36.007690	0.004248	8.475601	115
7298.204608	36.843475	0.004261	8.647346	116
7299.252659	34.392834	0.004252	8.089483	117
7300.285603	38.835346	0.004272	9.090458	118
7301.331450	33.967930	0.004249	7.995092	119
7302.371231	38.766396	0.004245	9.131353	120
7303.411802	33.938568	0.004250	7.985715	121
7304.461779	37.410877	0.004252	8.798637	122
7305.494329	34.204166	0.004242	8.063428	123
7306.542388	37.754139	0.004259	8.864366	124
7307.572459	34.706402	0.004250	8.166743	125
7308.620977	38.195011	0.004246	8.994832	126
7309.655598	35.076145	0.004275	8.203996	127
