num crossings	time (s)	maj axis (mm)	min axis (mm)	theta (rad )	slope (V/s)
2461	3388.328892	47.408567	-6.465797	2.617445	7.535793
2463	3390.411958	62.684596	-2.706535	2.586496	7.553050
2465	3392.495191	64.259510	-1.107105	2.581316	7.374666
2467	3394.578618	59.241781	-1.037753	2.607883	7.488309
2469	3396.661560	63.627968	-2.462914	2.563206	7.329556
2471	3398.745494	67.073669	4.559047	2.563956	7.430429
2473	3400.828817	61.982668	-1.848287	2.582611	7.616487
2475	3402.912517	58.491201	-2.521551	2.558926	7.390498
2477	3404.996307	68.800869	5.325123	2.561175	7.507730
2479	3407.079949	60.936671	-1.392399	2.566657	7.353510
2481	3409.163775	62.219999	-2.307788	2.596389	7.613786
2483	3411.247263	61.532467	-4.669361	2.551806	7.439154
2485	3413.330541	62.577987	-1.725550	2.566726	7.747087
2487	3415.413803	72.798897	-2.954184	2.544565	7.582032
2489	3417.497116	68.044414	5.187174	2.556175	7.579609
2491	3419.580501	64.394343	-1.438817	2.574925	7.738550
2493	3421.663118	66.279515	4.960093	2.577233	7.715605
2495	3423.746342	68.370773	5.454243	2.571207	7.724253
2497	3425.829027	60.924777	-2.115000	2.574229	7.696970
2499	3427.911965	58.603721	-1.006655	2.603239	7.778571
2501	3429.994541	63.446753	-2.522502	2.580164	7.620084
2503	3432.077356	65.389425	-2.866682	2.546293	7.768338
2505	3434.159829	60.926789	-1.062706	2.569162	7.602289
2507	3436.242500	68.043972	4.391201	2.556143	7.738328
2509	3438.324893	66.741516	4.580595	2.549048	7.629535
2511	3440.406892	50.819649	-5.496328	2.440479	7.580863
2513	3442.489247	61.623254	-3.249640	2.558042	7.608384
2515	3444.571711	66.696461	-3.822904	2.548212	7.683018
2517	3446.654357	66.918517	7.340838	2.555041	7.188667
2519	3448.737010	63.101332	-2.083711	2.561005	7.540248
2521	3450.819375	61.947749	-2.168753	2.579395	7.549925
2523	3452.902304	68.276945	-2.684138	2.550174	7.551751
2525	3454.984626	65.754008	-3.218631	2.570368	7.553173
2527	3457.067834	60.987589	-2.640594	2.578930	7.603384
2529	3459.150441	75.567566	-4.596124	2.584652	7.612659
2531	3461.233215	61.826120	-1.428187	2.556069	7.490654
2533	3463.316543	63.652559	6.760333	2.559406	7.726697
2535	3465.399499	62.421696	-1.503460	2.561766	7.375115
2537	3467.482570	68.592325	6.633918	2.552981	7.470021
2539	3469.565783	63.415502	-1.287804	2.564591	7.689819
2541	3471.649059	63.356155	-1.661514	2.572426	7.399209
2543	3473.731999	62.892683	-2.508498	2.570457	7.635824
2545	3475.815122	66.017761	-3.197793	2.547976	7.665736
2547	3477.898604	58.048154	-2.226910	2.558788	7.684419
2549	3479.982022	63.335998	-3.018466	2.542638	7.379779
2551	3482.065603	64.567313	-3.860071	2.484529	7.518333
2553	3484.148990	61.072598	-2.394404	2.573155	7.698603
2555	3486.232726	58.272111	-1.778809	2.590829	7.741838
2557	3488.316207	60.014076	-3.408457	2.535388	7.572467
2559	3490.399840	61.639278	-2.179392	2.560260	7.541913
2561	3492.482827	56.905157	-2.089370	2.549478	7.828805
2563	3494.566230	63.134258	-3.308676	2.537920	7.672762
2565	3496.648987	54.466976	-2.348423	2.534551	7.656062
2567	3498.732413	91.743125	-5.233848	2.502525	7.731986
2569	3500.815239	56.804884	6.511319	2.525951	7.285229
2571	3502.898851	71.696903	5.879734	2.533530	7.483420
2573	3504.981401	58.156805	-1.645042	2.580213	7.802840
2575	3507.064540	67.301813	-3.376991	2.536725	7.583321
2577	3509.146844	70.046372	-2.458942	2.547866	7.773326
2579	3511.229903	64.422853	-3.482598	2.533558	7.896258
2581	3513.312403	63.505797	-2.925596	2.543163	7.260298
2583	3515.394817	63.385389	-2.754416	2.541134	7.707941
2585	3517.477545	69.431181	-9.451021	2.544234	7.564868
2587	3519.559525	60.373408	-2.658292	2.532968	7.502122
2589	3521.641921	65.549062	-3.537063	2.520314	7.576992
2591	3523.724501	55.476037	-2.418119	2.530976	7.348487
2593	3525.806826	12.915684	-11.144001	3.328965	7.534773
2595	3527.889074	63.455149	-2.739712	2.537337	7.600558
2597	3529.972379	62.857659	-2.947916	2.534626	7.630756
2599	3532.054991	65.265355	-3.363302	2.521440	7.440482
2601	3534.137553	61.911480	-2.091895	2.522603	7.643296
2603	3536.220370	78.018442	-7.052172	2.534076	7.686401
2605	3538.303396	59.859404	-3.190253	2.514609	7.380862
2607	3540.386288	55.555666	-1.772647	2.523228	7.533650
2609	3542.469332	63.759162	8.428694	2.498134	7.713576
2611	3544.551778	55.839381	-2.596294	2.531520	7.693796
2613	3546.635070	59.152494	-9.469709	2.541139	7.752124
2615	3548.717945	61.079352	-2.240570	2.507703	7.438357
2617	3550.801122	67.630456	-3.630005	2.504925	7.700558
2619	3552.884513	66.296678	-3.444083	2.530590	7.643545
2621	3554.967462	46.583281	-6.048869	2.525375	7.817183
2623	3557.050941	68.874569	6.764461	2.515499	7.656741
2625	3559.134048	66.738449	5.604323	2.520129	7.693095
2627	3561.217413	67.886193	6.083435	2.499773	7.716004
2629	3563.300888	67.409541	3.972726	2.524681	7.559980
2631	3565.384257	70.478934	8.163990	2.517405	7.884255
2633	3567.467336	55.943578	-3.213635	2.492474	7.814880
2635	3569.550904	43.046669	-7.097378	2.546652	7.640048
2637	3571.634668	64.047695	-3.170697	2.502180	7.600895
2639	3573.717683	67.451620	-3.549884	2.515402	7.712533
2641	3575.801067	63.610563	-2.389965	2.541798	7.813791
2643	3577.884316	63.185442	-3.033689	2.518588	7.756491
2645	3579.967051	47.706102	-3.475138	2.511461	7.780864
2647	3582.050185	63.147897	6.513804	2.500479	7.648580
2649	3584.133372	54.693627	-2.514732	2.498686	7.620020
2651	3586.215720	62.689674	-3.166850	2.511457	7.730261
2653	3588.298709	62.725572	-9.740992	2.523317	7.658265
2655	3590.381214	56.682387	-2.364582	2.534168	8.011864
2657	3592.463731	63.917362	-3.369276	2.504168	7.578228
2659	3594.546428	64.144893	-3.190490	2.513714	7.763951
2661	3596.629247	64.368500	-3.765337	2.513223	7.438263
2663	3598.711764	67.179909	-4.285302	2.481911	7.877773
2665	3600.794448	59.333429	-2.294381	2.507171	7.729731
2667	3602.876852	63.213084	-3.437831	2.498455	7.629548
2669	3604.959389	64.233630	-1.679011	2.510732	7.703165
2671	3607.041651	64.693284	-1.885010	2.510297	8.024938
2673	3609.124535	57.286973	-2.434688	2.528247	7.876672
2675	3611.206986	63.152541	-3.053489	2.503564	7.872251
2677	3613.289838	65.718708	-3.615219	2.488264	7.767962
2679	3615.372314	63.309268	-4.259214	2.477353	7.722627
2681	3617.455305	64.308372	-2.728581	2.504064	7.819581
2683	3619.537915	55.788864	-3.553946	2.457611	7.714374
2685	3621.621056	63.874046	-2.790084	2.506016	7.685979
2687	3623.704109	61.173522	-3.326312	2.478940	7.649243
2689	3625.786805	64.453920	10.620231	2.517182	7.759610
2691	3627.870260	64.596917	-2.805590	2.498346	7.593841
2693	3629.953488	63.351459	-3.188974	2.498089	7.727840
2695	3632.036648	61.077140	-3.444371	2.493547	7.693039
2697	3634.119678	66.570452	-3.723796	2.483379	7.873940
2699	3636.202768	64.865516	5.889185	2.501490	7.684137
2701	3638.285994	66.704596	4.366626	2.481833	7.926525
2703	3640.369556	64.042451	-1.763572	2.494073	8.000196
2705	3642.453069	59.556921	-2.578459	2.493399	7.912200
2707	3644.536045	19.581438	-2.547627	2.547973	7.699479
2709	3646.619667	61.936426	-2.438946	2.478642	7.605602
2711	3648.702692	85.516139	-5.171335	2.539927	7.845516
2713	3650.786034	64.596440	5.213108	2.482787	7.717492
2715	3652.869081	71.295371	6.858422	2.473594	8.105212
2717	3654.952434	64.855829	-1.408445	2.493949	7.851867
2719	3657.035034	67.087061	5.492400	2.478442	7.722903
2721	3659.118766	56.552161	-2.824192	2.444447	7.679780
2723	3661.201777	62.902017	-2.608560	2.505494	7.941544
2725	3663.284552	63.975322	-2.615270	2.501318	8.075543
2727	3665.367657	62.066454	-2.838764	2.487833	7.986368
2729	3667.450273	62.649241	-3.074870	2.501878	7.966595
2731	3669.532628	63.102680	-2.936390	2.484609	7.993848
2733	3671.615590	58.789112	-4.940616	2.457099	7.753957
2735	3673.698046	66.743706	6.341559	2.468664	7.776893
2737	3675.780635	64.022542	6.298008	2.481261	7.768628
2739	3677.863142	60.090038	-2.837402	2.464993	7.703783
2741	3679.946353	69.277845	-8.016374	2.467229	7.969675
2743	3682.029123	62.655307	-2.639998	2.474306	7.826512
2745	3684.111551	74.132919	-6.935926	2.450759	7.787756
2747	3686.194203	61.461352	-2.871799	2.469584	7.904786
2749	3688.276796	67.820026	-4.984147	2.439771	7.869892
2751	3690.359481	60.481222	-2.440881	2.469511	8.023392
2753	3692.442398	62.269087	-2.378708	2.499772	7.790506
2755	3694.525189	66.262627	-9.440531	2.484037	7.753535
2757	3696.608200	61.680720	7.473470	2.473556	7.918474
2759	3698.691244	62.538942	-2.935168	2.465937	7.988845
2761	3700.773918	62.443164	-2.698893	2.473170	7.849428
2763	3702.856561	63.912958	-9.216602	2.474834	7.833519
2765	3704.939882	69.969103	9.558915	2.439145	7.783563
2767	3707.023147	67.474005	7.374467	2.438405	7.860332
2769	3709.106323	65.048891	-2.522044	2.471985	7.884473
2771	3711.189424	65.543331	-3.288620	2.465827	7.848027
2773	3713.272466	59.859203	-2.655724	2.451217	7.923999
2775	3715.355940	78.539899	-18.970940	2.137929	7.711392
2777	3717.438983	65.237639	-2.591453	2.466344	7.913079
2779	3719.522354	61.399653	-9.065111	2.485216	7.929705
2781	3721.605408	59.849617	-2.471230	2.457219	7.810616
2783	3723.688474	64.577710	-2.894910	2.464915	7.859294
2785	3725.772022	60.316107	-3.117258	2.466518	7.885149
2787	3727.855032	68.054535	-3.082165	2.461233	7.778469
2789	3729.938354	65.046985	-2.228731	2.462411	7.835833
2791	3732.021612	60.147466	-2.417296	2.455261	8.131843
2793	3734.104706	59.629816	-9.245595	2.478264	8.079163
2795	3736.187887	70.888521	5.126232	2.445013	8.006626
2797	3738.270869	65.769791	-1.059935	2.462071	8.084853
2799	3740.354039	70.447561	4.252359	2.451279	7.973143
2801	3742.437080	61.407875	-1.898106	2.439777	7.910788
2803	3744.519819	60.256585	-5.754304	2.389944	7.672145
2805	3746.602772	72.930266	9.130766	2.421246	8.041665
2807	3748.685771	67.489626	4.312652	2.457078	7.749692
2809	3750.768606	68.774460	4.636541	2.452307	7.970884
2811	3752.851079	59.215294	-1.537840	2.450193	7.930339
2813	3754.933749	65.979531	-2.545415	2.457631	8.102754
