time (s)	coil I (A)	last det (V)	int current (uC)
3183.782178	0.608786	165.917969	-57.031250
3183.784179	0.869474	165.917969	-57.031250
3183.786180	0.887079	165.917969	-57.031250
3183.788181	0.884800	9.732805	0.929921
3184.824227	0.586623	465.917969	-33.984375
3184.826229	0.861418	465.917969	-33.984375
3184.828229	0.886963	465.917969	-33.984375
3184.830230	0.884656	9.731218	0.887712
3185.862272	0.495624	167.089844	-64.843750
3185.864275	0.813241	167.089844	-64.843750
3185.866274	0.887175	167.089844	-64.843750
3185.868275	0.884356	9.727912	0.901887
3186.909208	0.853648	455.859375	-30.371094
3186.911210	0.886817	455.859375	-30.371094
3186.913211	0.886747	9.754215	0.883751
3187.939709	0.449075	155.957031	-39.160156
3187.941710	0.780262	155.957031	-39.160156
3187.943711	0.888931	155.957031	-39.160156
3187.945712	0.885833	9.744165	0.922601
3188.991789	0.807909	459.277344	-31.152344
3188.993791	0.887199	459.277344	-31.152344
3188.995792	0.884360	9.727965	0.921706
3190.022315	0.673278	148.437500	-19.921875
3190.026312	0.887095	148.437500	-19.921875
3190.028314	0.885061	148.437500	-19.921875
3190.030316	0.883712	9.720831	0.948038
3191.072359	2.198203	461.718750	-31.347656
3191.074361	0.856196	461.718750	-31.347656
3191.076360	0.886317	461.718750	-31.347656
3191.078362	0.883949	9.723436	0.925324
3192.100342	0.381158	158.691406	-39.062500
3192.102342	0.721765	158.691406	-39.062500
3192.104343	0.887558	158.691406	-39.062500
3192.106344	0.885635	9.741986	0.944641
3193.152326	0.437689	450.781250	-29.296875
3193.154328	0.451949	450.781250	-29.296875
3193.156330	0.889522	450.781250	-29.296875
3193.160328	0.884655	9.731200	0.916488
3194.183377	0.885028	167.968750	-51.367187
3194.185381	0.885263	9.737891	0.971739
3195.233909	0.621963	469.042969	-33.984375
3195.235912	0.872512	469.042969	-33.984375
3195.237912	0.885745	469.042969	-33.984375
3195.241918	0.881970	9.701672	1.003323
3196.261933	0.479870	158.496094	-34.765625
3196.263937	0.802345	158.496094	-34.765625
3196.267936	0.883866	158.496094	-34.765625
3196.269936	0.882155	9.703700	0.998905
3197.313964	0.458202	456.640625	-30.761719
3197.315966	0.787072	456.640625	-30.761719
3197.319965	0.885370	456.640625	-30.761719
3197.321968	0.883697	9.720672	0.967333
3198.344920	0.677995	147.167969	-10.839844
3198.346923	0.884398	147.167969	-10.839844
3198.348922	0.885493	147.167969	-10.839844
3198.352922	0.883430	9.717730	0.982748
3199.394950	0.788120	470.898437	-35.156250
3199.396951	0.887324	470.898437	-35.156250
3199.398952	0.884437	9.728807	0.965392
3200.427023	0.804974	159.765625	-37.890625
3200.429025	0.887188	159.765625	-37.890625
3200.431024	0.884307	9.727381	0.995588
3201.473587	0.697699	484.570312	-38.671875
3201.475588	0.885794	484.570312	-38.671875
3201.477589	0.885351	9.738857	0.989433
3202.507618	0.662737	167.578125	-50.878906
3202.509620	0.882526	167.578125	-50.878906
3202.511618	0.886454	167.578125	-50.878906
3202.513621	0.884402	9.728417	1.138346
3203.551620	0.625757	460.644531	-32.617187
3203.553623	0.873548	460.644531	-32.617187
3203.555622	0.885750	460.644531	-32.617187
3203.557624	0.883453	9.717978	1.065407
3204.588530	2.667490	160.351562	-32.617187
3204.590533	0.636442	160.351562	-32.617187
3204.592533	0.878666	160.351562	-32.617187
3204.594532	0.888883	160.351562	-32.617187
3204.596533	0.886590	9.752487	1.033290
3205.628565	0.365650	479.882812	-37.109375
3205.632565	0.887563	479.882812	-37.109375
3205.634566	0.886348	479.882812	-37.109375
3205.636568	0.884481	9.729295	1.023072
3206.672659	0.476151	156.738281	-16.796875
3206.676661	0.887258	156.738281	-16.796875
3206.678664	0.884375	156.738281	-16.796875
3206.680664	0.882516	9.707680	1.042009
3207.710693	0.766870	457.519531	-30.371094
3207.712695	0.888095	457.519531	-30.371094
3207.714696	0.885185	9.737032	1.024092
3208.756762	0.607712	165.527344	-20.117187
3208.760764	0.885642	165.527344	-20.117187
3208.762769	0.883339	165.527344	-20.117187
3208.764776	0.881721	9.698933	1.085386
3209.789729	0.608483	459.082031	-29.882812
3209.791729	0.630610	459.082031	-29.882812
3209.793730	0.885749	459.082031	-29.882812
3209.795730	0.883499	9.718492	1.048020
3210.840748	0.885040	161.914062	2.343750
3210.842752	0.885953	161.914062	2.343750
3210.844752	0.883891	9.722799	1.214305
3211.875347	0.886833	480.273437	-35.351562
3211.877349	0.884038	9.724421	1.016346
3212.915352	0.366856	158.984375	20.898437
3212.917352	0.708365	158.984375	20.898437
3212.919354	0.886787	158.984375	20.898437
3212.921353	0.885593	9.741525	1.125570
3213.953382	0.356609	464.843750	-30.761719
3213.955383	0.698783	464.843750	-30.761719
3213.957383	0.886827	464.843750	-30.761719
3213.961382	0.884291	9.727203	1.012851
3214.993384	0.333634	150.585937	45.410156
3214.995401	0.676727	150.585937	45.410156
3214.997405	0.884312	150.585937	45.410156
3214.999406	0.885675	150.585937	45.410156
3215.001406	0.883575	9.719325	1.140558
3216.037489	0.490599	468.652344	-31.933594
3216.039491	0.809814	468.652344	-31.933594
3216.041493	0.886866	468.652344	-31.933594
3216.043492	0.884076	9.724837	1.013017
3217.071506	0.408619	147.753906	49.121094
3217.073510	0.746444	147.753906	49.121094
3217.075510	0.888364	147.753906	49.121094
3217.077508	0.885748	9.743226	1.149910
3218.123565	0.807767	463.183594	-30.664062
3218.125565	0.887180	463.183594	-30.664062
3218.127566	0.884296	9.727257	1.022631
3219.152029	0.755421	163.378906	6.054687
3219.154030	0.888032	163.378906	6.054687
3219.156030	0.885314	9.738450	1.171196
3220.204610	0.525547	472.363281	-34.179687
3220.206614	0.831406	472.363281	-34.179687
3220.208612	0.886460	472.363281	-34.179687
3220.212613	0.882089	9.702983	1.047740
3221.228632	0.306664	147.949219	25.585937
3221.230632	0.650934	147.949219	25.585937
3221.232632	0.879489	147.949219	25.585937
3221.234632	0.885584	147.949219	25.585937
3221.236634	0.883413	9.717544	1.177709
3222.286636	0.653531	491.503906	-40.039062
3222.288637	0.879793	491.503906	-40.039062
3222.292637	0.883129	491.503906	-40.039062
3222.296636	0.880396	9.684354	1.076117
3223.312699	0.610521	148.046875	14.160156
3223.314701	0.868885	148.046875	14.160156
3223.316702	0.885637	148.046875	14.160156
3223.318701	0.883291	9.716206	1.181145
3224.366768	0.757966	477.539062	-36.621094
3224.368770	0.888164	477.539062	-36.621094
3224.370770	0.885338	9.738715	1.107715
3225.397311	0.881792	136.035156	33.984375
3225.399314	0.885768	136.035156	33.984375
3225.401313	0.883610	9.719715	1.240700
3226.443362	0.444930	480.761719	-38.378906
3226.445363	0.776881	480.761719	-38.378906
3226.447363	0.888917	480.761719	-38.378906
3226.449363	0.888855	9.777399	1.123076
3227.477396	0.540253	159.667969	-19.921875
3227.479396	0.839638	159.667969	-19.921875
3227.481396	0.886713	159.667969	-19.921875
3227.483395	0.884182	9.725999	1.144527
3228.525380	0.836502	476.367187	-38.085937
3228.527381	0.886487	476.367187	-38.085937
3228.529380	0.883935	9.723287	1.133999
3229.558344	0.441764	138.769531	22.167969
3229.560348	0.774872	138.769531	22.167969
3229.562347	0.892290	138.769531	22.167969
3229.564349	0.889405	9.783453	1.163815
3230.602351	0.447761	486.230469	-40.917969
3230.604353	0.778922	486.230469	-40.917969
3230.606352	0.888390	486.230469	-40.917969
3230.608353	0.885437	9.739806	1.158412
3231.640398	2.291636	140.722656	20.117187
3231.642399	0.774489	140.722656	20.117187
3231.644402	0.888637	140.722656	20.117187
3231.646400	0.885658	9.742243	1.176022
3232.682451	0.507862	488.867187	-41.503906
3232.684452	0.820851	488.867187	-41.503906
3232.686453	0.886612	488.867187	-41.503906
3232.688454	0.883840	9.722240	1.163059
3233.722483	0.448502	145.117187	13.378906
3233.724485	0.779624	145.117187	13.378906
3233.726483	0.888631	145.117187	13.378906
3233.728484	0.885606	9.741667	1.178454
3234.762586	0.355343	475.585937	-38.281250
3234.764586	0.697535	475.585937	-38.281250
3234.766588	0.887694	475.585937	-38.281250
3234.768587	0.888102	9.769122	1.171155
3235.804612	0.590594	140.625000	24.804687
3235.806614	0.600825	140.625000	24.804687
3235.808616	0.885882	140.625000	24.804687
3235.810614	0.883543	9.718970	1.186711
3236.844590	0.610825	504.980469	-45.605469
3236.846593	0.869137	504.980469	-45.605469
3236.848592	0.885756	504.980469	-45.605469
3236.850593	0.883461	9.718076	1.195708
3237.884649	0.511377	136.621094	36.914062
3237.886654	0.823145	136.621094	36.914062
3237.888652	0.886960	136.621094	36.914062
3237.890653	0.884311	9.727416	1.210606
3238.924719	0.458978	498.730469	-44.238281
3238.926720	0.787432	498.730469	-44.238281
3238.928723	0.887763	498.730469	-44.238281
3238.930723	0.884777	9.732548	1.191166
3239.966698	0.851237	141.015625	25.976562
3239.968701	0.886280	141.015625	25.976562
3239.970700	0.883845	9.722294	1.214180
3241.006750	0.543214	497.558594	-43.750000
3241.008752	0.840806	497.558594	-43.750000
3241.010752	0.885930	497.558594	-43.750000
3241.012752	0.883370	9.717073	1.194070
3242.044734	0.395888	135.742187	39.941406
3242.046738	0.735169	135.742187	39.941406
3242.048737	0.888511	135.742187	39.941406
3242.050737	0.886156	9.747720	1.223301
3243.088798	0.498539	504.394531	-45.117187
3243.090799	0.815024	504.394531	-45.117187
3243.092800	0.886700	504.394531	-45.117187
3243.094799	0.883898	9.722878	1.202238
3244.124851	0.455846	134.179687	43.457031
3244.126850	0.785124	134.179687	43.457031
3244.128850	0.888063	134.179687	43.457031
3244.130850	0.885103	9.736136	1.229407
3245.170863	0.369005	490.332031	-41.308594
3245.172866	0.710418	490.332031	-41.308594
3245.174865	0.886149	490.332031	-41.308594
3245.178867	0.882814	9.710950	1.207636
3246.205460	0.605879	150.000000	10.351562
3246.207462	0.867822	150.000000	10.351562
3246.209463	0.886173	150.000000	10.351562
3246.211462	0.883871	9.722587	1.239833
3247.256424	0.859909	485.351562	-39.843750
3247.258426	0.862564	485.351562	-39.843750
3247.260426	0.883782	9.721602	1.203343
3248.286478	1.269222	127.636719	70.312500
3248.288478	0.887406	127.636719	70.312500
3248.290478	0.884581	9.730394	1.247027
3249.336956	0.623122	487.890625	-39.941406
3249.338957	0.872690	487.890625	-39.941406
3249.340958	0.885687	487.890625	-39.941406
3249.344956	0.881771	9.699482	1.229060
3250.363864	0.509172	138.867187	54.394531
3250.365867	0.821754	138.867187	54.394531
3250.367865	0.886757	138.867187	54.394531
3250.371865	0.882313	9.705438	1.276868
3251.419905	0.521497	489.160156	-39.746094
3251.421907	0.888036	489.160156	-39.746094
3251.423906	0.885081	9.735888	1.188613
3252.444461	0.391848	133.984375	79.882812
3252.446464	0.731375	133.984375	79.882812
3252.448463	0.887276	133.984375	79.882812
3252.450464	0.885057	9.735622	1.312357
3253.498533	0.673214	476.660156	-35.351562
3253.500530	0.884521	476.660156	-35.351562
3253.502529	0.886765	476.660156	-35.351562
3253.504530	0.884700	9.731697	1.281196
3254.526512	0.566197	138.769531	80.371094
3254.528513	0.852075	138.769531	80.371094
3254.530514	0.886044	138.769531	80.371094
3254.532515	0.883610	9.719715	1.317165
3255.576517	0.636351	477.929687	-34.960937
3255.578519	0.875954	477.929687	-34.960937
3255.580519	0.885317	477.929687	-34.960937
3255.582517	0.883080	9.713883	1.241331
3256.608462	0.328192	137.695312	92.871094
3256.610464	0.671493	137.695312	92.871094
3256.612474	0.884761	137.695312	92.871094
3256.614473	0.887073	137.695312	92.871094
3256.616472	0.885043	9.735472	1.326232
3257.654468	0.326825	486.914062	-36.816406
3257.656471	0.670235	486.914062	-36.816406
3257.658470	0.883694	486.914062	-36.816406
3257.660472	0.886395	486.914062	-36.816406
3257.662469	0.884350	9.727851	1.202486
3258.692487	0.317346	134.277344	106.933594
3258.694492	0.661188	134.277344	106.933594
3258.696491	0.881816	134.277344	106.933594
3258.698490	0.885904	134.277344	106.933594
3258.700491	0.883774	9.721514	1.328559
3259.734520	0.470878	502.148437	-40.917969
3259.738521	0.887018	502.148437	-40.917969
3259.740522	0.884221	502.148437	-40.917969
3259.742521	0.884139	9.725529	1.209295
3260.776555	0.490247	140.625000	87.792969
3260.778556	0.809532	140.625000	87.792969
3260.782554	0.884000	140.625000	87.792969
3260.784557	0.882118	9.703293	1.310019
3261.812595	0.359632	508.105469	-42.773437
3261.814599	0.701519	508.105469	-42.773437
3261.816598	0.886640	508.105469	-42.773437
3261.818597	0.885888	9.744768	1.231865
3262.863113	0.886532	144.824219	69.921875
3262.865113	0.883743	144.824219	69.921875
3262.867113	0.883688	9.720566	1.306946
3263.897135	0.886943	488.964844	-38.476562
3263.899135	0.883967	9.723640	1.237446
3264.941669	0.620193	135.839844	80.859375
3264.943670	0.871658	135.839844	80.859375
3264.945671	0.885376	135.839844	80.859375
3264.947670	0.883035	9.713387	1.309495
3265.975696	0.754612	495.605469	-41.015625
3265.977699	0.887729	495.605469	-41.015625
3265.979699	0.884966	9.734622	1.274718
3267.020240	0.329821	125.390625	102.441406
3267.022249	0.673049	125.390625	102.441406
3267.024250	0.884387	125.390625	102.441406
3267.026251	0.886523	125.390625	102.441406
3267.028251	0.884539	9.729933	1.319072
3268.056309	0.558573	497.070312	-42.089844
3268.058309	0.848454	497.070312	-42.089844
3268.060309	0.885912	497.070312	-42.089844
3268.062309	0.883445	9.717897	1.263620
3269.101286	0.510838	144.726562	45.117187
3269.103287	0.822457	144.726562	45.117187
3269.105287	0.886302	144.726562	45.117187
3269.107288	0.883591	9.719502	1.313446
3270.137842	0.512703	517.285156	-47.265625
3270.139844	0.823978	517.285156	-47.265625
3270.141844	0.886964	517.285156	-47.265625
3270.143843	0.884243	9.726672	1.275038
3271.179868	0.306797	136.132812	60.449219
3271.181867	0.651018	136.132812	60.449219
3271.183868	0.880124	136.132812	60.449219
3271.185868	0.886371	136.132812	60.449219
3271.187868	0.884284	9.727123	1.311416
3272.219902	0.514050	522.851562	-49.023437
3272.221905	0.824372	522.851562	-49.023437
3272.223905	0.886263	522.851562	-49.023437
3272.225905	0.883526	9.718784	1.279265
3273.261967	0.538364	128.125000	79.785156
3273.263969	0.838665	128.125000	79.785156
3273.265970	0.886714	128.125000	79.785156
3273.267969	0.884184	9.726025	1.293984
3274.301993	0.608385	527.539062	-50.292969
3274.303994	0.868390	527.539062	-50.292969
3274.305994	0.885829	527.539062	-50.292969
3274.309992	0.882025	9.702273	1.292622
3275.342061	0.555016	150.000000	25.976562
3275.344064	0.846888	150.000000	25.976562
3275.346064	0.886110	150.000000	25.976562
3275.348063	0.883658	9.720238	1.297137
3276.382064	0.447046	507.910156	-46.289062
3276.384065	0.778314	507.910156	-46.289062
3276.386066	0.888496	507.910156	-46.289062
3276.388067	0.885486	9.740346	1.316062
3277.422602	0.560326	141.015625	46.093750
3277.424602	0.849514	141.015625	46.093750
3277.426604	0.886241	141.015625	46.093750
3277.428603	0.883774	9.721514	1.322666
3278.463142	0.412062	513.378906	-47.851562
3278.465144	0.749305	513.378906	-47.851562
3278.467144	0.888242	513.378906	-47.851562
3278.469143	0.885558	9.741135	1.298826
3279.503137	0.298071	129.687500	75.976562
3279.505141	0.642726	129.687500	75.976562
3279.509139	0.887892	129.687500	75.976562
3279.511140	0.885670	129.687500	75.976562
3279.513137	0.885613	9.741738	1.310817
3280.545212	0.634638	505.468750	-45.800781
3280.547212	0.875827	505.468750	-45.800781
3280.551210	0.883552	505.468750	-45.800781
3280.553213	0.881973	9.701698	1.324664
3281.589239	0.837514	136.718750	58.984375
3281.591240	0.884275	9.727027	1.307596
3282.623833	2.255042	525.195312	-49.902344
3282.625834	0.807249	525.195312	-49.902344
3282.627834	0.886969	525.195312	-49.902344
3282.629835	0.884098	9.725077	1.309715
3283.667844	0.622550	125.781250	91.503906
3283.669843	0.872749	125.781250	91.503906
3283.671844	0.885968	125.781250	91.503906
3283.673845	0.883702	9.720725	1.321549
3284.705872	0.615047	530.468750	-50.683594
3284.707874	0.870321	530.468750	-50.683594
3284.709872	0.885553	530.468750	-50.683594
3284.711872	0.883291	9.716196	1.311075
3285.749888	0.668210	128.320312	89.941406
3285.751889	0.881848	128.320312	89.941406
3285.753891	0.884712	128.320312	89.941406
3285.755890	0.882511	9.707626	1.322706
3286.785907	0.709245	530.566406	-50.000000
3286.787909	0.886176	530.566406	-50.000000
3286.789909	0.884917	9.734090	1.314516
3287.832356	0.774870	137.304687	75.195312
3287.834357	0.887476	137.304687	75.195312
3287.836358	0.884557	9.730128	1.318207
3288.866900	0.702804	529.296875	-48.730469
3288.868901	0.885298	529.296875	-48.730469
3288.870902	0.884414	9.728551	1.303696
3289.912906	0.569463	126.464844	112.792969
3289.914906	0.853503	126.464844	112.792969
3289.916906	0.885970	126.464844	112.792969
3289.918906	0.883511	9.718625	1.306746
3290.946910	0.530883	503.027344	-42.089844
3290.948913	0.834181	503.027344	-42.089844
3290.950910	0.886006	503.027344	-42.089844
3290.952911	0.883384	9.717224	1.297228
3291.993843	0.556665	143.847656	79.687500
3291.995844	0.847851	143.847656	79.687500
3291.997845	0.886422	143.847656	79.687500
3291.999844	0.884031	9.724341	1.345648
3293.026800	0.381321	498.242187	-40.527344
3293.028803	0.721665	498.242187	-40.527344
3293.030802	0.887353	498.242187	-40.527344
3293.032802	0.885427	9.739699	1.276425
3294.074824	0.556802	142.480469	91.601562
3294.076825	0.884071	142.480469	91.601562
3294.078826	0.885285	142.480469	91.601562
3294.080825	0.883146	9.714610	1.350072
3295.109397	0.340817	514.648437	-44.140625
3295.111406	0.683509	514.648437	-44.140625
3295.113406	0.884394	514.648437	-44.140625
3295.115406	0.885212	9.737333	1.255292
3296.153483	0.582878	123.828125	146.777344
3296.155486	0.859079	123.828125	146.777344
3296.157487	0.885818	123.828125	146.777344
3296.159487	0.883425	9.717676	1.343922
3297.193483	0.647446	516.601562	-44.238281
3297.195486	0.878775	516.601562	-44.238281
3297.197485	0.885622	516.601562	-44.238281
3297.199485	0.883444	9.717880	1.288891
3298.231510	0.463852	126.660156	139.550781
3298.233512	0.790922	126.660156	139.550781
3298.235511	0.887319	126.660156	139.550781
3298.237510	0.884387	9.728258	1.364682
3299.275530	2.213261	515.820312	-44.531250
3299.277532	0.826585	515.820312	-44.531250
3299.279534	0.886591	515.820312	-44.531250
3299.281532	0.883925	9.723180	1.238047
3300.313559	0.569184	116.894531	164.843750
3300.315562	0.885938	116.894531	164.843750
3300.317562	0.883484	9.718324	1.384381
3301.357570	0.383688	517.578125	-45.312500
3301.359573	0.724023	517.578125	-45.312500
3301.363570	0.885926	517.578125	-45.312500
3301.365571	0.884046	9.724509	1.246857
3302.391601	0.699021	136.230469	104.101562
3302.393600	0.885996	136.230469	104.101562
3302.395604	0.886361	9.749971	1.376913
3303.442168	0.769524	529.882812	-49.414062
3303.444171	0.887351	529.882812	-49.414062
3303.446172	0.884589	9.730474	1.242417
3304.470612	0.530462	136.035156	95.605469
3304.472614	0.834065	136.035156	95.605469
3304.474613	0.886199	136.035156	95.605469
3304.476613	0.883500	9.718500	1.356259
3305.521586	0.455594	529.882812	-49.316406
3305.525586	0.888380	529.882812	-49.316406
3305.527588	0.885424	529.882812	-49.316406
3305.529586	0.883695	9.720646	1.279592
3306.551585	0.520585	131.640625	99.804687
3306.553588	0.828629	131.640625	99.804687
3306.555587	0.886789	131.640625	99.804687
3306.557587	0.884161	9.725768	1.337281
3307.602135	0.330793	509.082031	-45.312500
3307.604138	0.673908	509.082031	-45.312500
3307.606140	0.685666	509.082031	-45.312500
3307.608142	0.887661	9.764265	1.267741
3308.634215	0.705800	137.597656	77.246094
3308.636217	0.886394	137.597656	77.246094
3308.638215	0.885333	9.738663	1.405587
3309.684203	0.641286	517.871094	-47.753906
3309.686201	0.877408	517.871094	-47.753906
3309.688202	0.885536	517.871094	-47.753906
3309.690202	0.883329	9.716622	1.283342
3310.714723	0.530859	111.718750	145.312500
3310.716726	0.834144	111.718750	145.312500
3310.718726	0.886086	111.718750	145.312500
3310.720727	0.883496	9.718456	1.307981
3311.762775	0.351697	529.882812	-50.097656
3311.764777	0.693835	529.882812	-50.097656
3311.766779	0.885448	529.882812	-50.097656
3311.768778	0.885874	9.744617	1.292543
3312.794827	0.326356	124.511719	104.394531
3312.796829	0.669604	124.511719	104.394531
3312.798830	0.882679	124.511719	104.394531
3312.800828	0.885389	124.511719	104.394531
3312.802829	0.883270	9.715966	1.325521
3313.846825	0.854236	522.363281	-49.511719
3313.848826	0.885796	522.363281	-49.511719
3313.850827	0.883366	9.717030	1.270148
3314.877367	0.544841	117.578125	123.925781
3314.879369	0.841660	117.578125	123.925781
3314.881369	0.886033	117.578125	123.925781
3314.883369	0.883527	9.718794	1.299984
3315.927452	0.844026	525.488281	-49.609375
3315.929455	0.886236	525.488281	-49.609375
3315.931454	0.883767	9.721435	1.273405
3316.957970	0.428813	112.109375	143.066406
3316.959971	0.763503	112.109375	143.066406
3316.961972	0.888181	112.109375	143.066406
3316.963972	0.885347	9.738822	1.338280
3318.007965	0.820169	529.687500	-50.000000
3318.009969	0.886648	529.687500	-50.000000
3318.011968	0.883893	9.722826	1.278334
3319.040531	0.804979	109.375000	152.929687
3319.042534	0.887013	109.375000	152.929687
3319.044533	0.884174	9.725919	1.308554
3320.088525	0.762108	533.496094	-51.367187
3320.090529	0.887082	533.496094	-51.367187
3320.092530	0.884299	9.727292	1.280933
3321.120565	0.523822	133.398437	84.570312
3321.124565	0.886114	133.398437	84.570312
3321.126565	0.883492	133.398437	84.570312
3321.128567	0.881746	9.699207	1.283217
3322.168555	0.553431	524.316406	-49.707031
3322.170561	0.845993	524.316406	-49.707031
3322.174556	0.883366	524.316406	-49.707031
3322.176557	0.881653	9.698179	1.300070
3323.199472	2.937115	113.574219	142.871094
3323.201474	0.633378	113.574219	142.871094
3323.205472	0.885953	113.574219	142.871094
3323.207474	0.883711	113.574219	142.871094
3323.209476	0.882154	9.703691	1.321168
3324.249501	0.455112	533.496094	-50.683594
3324.251502	0.784377	533.496094	-50.683594
3324.253504	0.887672	533.496094	-50.683594
3324.255506	0.884747	9.732220	1.267341
3325.279590	0.309456	120.898437	124.316406
3325.281591	0.653545	120.898437	124.316406
3325.283592	0.879681	120.898437	124.316406
3325.285592	0.885175	120.898437	124.316406
3325.287592	0.882912	9.712031	1.333772
3326.331593	0.634636	528.125000	-49.414062
3326.333597	0.875588	528.125000	-49.414062
3326.335595	0.885360	528.125000	-49.414062
3326.337596	0.883011	9.713121	1.291382
3327.362088	0.564850	108.691406	169.824219
3327.364088	0.851182	108.691406	169.824219
3327.368088	0.883018	108.691406	169.824219
3327.370089	0.882939	9.712333	1.338413
3328.412087	0.459142	526.171875	-48.828125
3328.414090	0.787483	526.171875	-48.828125
3328.416089	0.887825	526.171875	-48.828125
3328.418091	0.884891	9.733797	1.245278
3329.442638	0.528886	132.617187	107.324219
3329.444641	0.833198	132.617187	107.324219
3329.446641	0.836831	132.617187	107.324219
3329.448640	0.883808	9.721887	1.308080
3330.494641	0.717784	522.753906	-47.460937
3330.496645	0.886899	522.753906	-47.460937
3330.498647	0.885161	9.736766	1.354850
3331.525570	0.824200	105.468750	196.679687
3331.527573	0.886291	105.468750	196.679687
3331.529573	0.883593	9.719520	1.319441
3332.574117	0.674502	520.214844	-46.875000
3332.576117	0.884576	520.214844	-46.875000
3332.578117	0.886646	520.214844	-46.875000
3332.580117	0.884546	9.730003	1.247847
3333.608690	0.887430	126.660156	138.378906
3333.610693	0.884472	9.729189	1.336253
3334.655275	0.855859	523.632812	-46.093750
3334.657277	0.886173	523.632812	-46.093750
3334.659278	0.883802	9.721824	1.220140
3335.685795	0.322085	108.203125	207.617187
3335.687798	0.665578	108.203125	207.617187
3335.691796	0.885061	108.203125	207.617187
3335.693797	0.882902	108.203125	207.617187
3335.695799	0.881380	9.695175	1.398620
3336.733806	0.706973	528.906250	-47.167969
3336.735808	0.885916	528.906250	-47.167969
3336.737809	0.884746	9.732211	1.235434
3337.769827	0.489304	109.765625	206.933594
3337.771828	0.808938	109.765625	206.933594
3337.773827	0.887206	109.765625	206.933594
3337.775827	0.884411	9.728524	1.359011
3338.811872	2.034659	527.832031	-46.484375
3338.813872	0.794032	527.832031	-46.484375
3338.815874	0.887532	527.832031	-46.484375
3338.817874	0.884649	9.731138	1.223884
3339.851907	0.362908	115.820312	188.281250
3339.853908	0.704547	115.820312	188.281250
3339.855906	0.886472	115.820312	188.281250
3339.857908	0.885468	9.740151	1.317921
3340.891991	0.487484	538.476562	-49.414062
3340.893994	0.807529	538.476562	-49.414062
3340.895994	0.886677	538.476562	-49.414062
3340.897994	0.883863	9.722498	1.214720
3341.933980	0.368205	115.722656	183.496094
3341.935982	0.709537	115.722656	183.496094
3341.937983	0.887433	115.722656	183.496094
3341.939983	0.886120	9.747321	1.308210
3342.971962	0.569264	539.843750	-49.804687
3342.973963	0.853354	539.843750	-49.804687
3342.975964	0.885928	539.843750	-49.804687
3342.977965	0.883590	9.719484	1.257317
3344.015954	0.444208	114.843750	180.859375
3344.019957	0.888070	114.843750	180.859375
3344.021958	0.885072	114.843750	180.859375
3344.025958	0.881953	9.701485	1.293787
3345.051958	0.568841	535.644531	-49.121094
3345.053960	0.853118	535.644531	-49.121094
3345.055959	0.885865	535.644531	-49.121094
3345.057964	0.883472	9.718190	1.235046
3346.098019	0.531748	118.359375	162.402344
3346.100021	0.834582	118.359375	162.402344
3346.102026	0.885795	118.359375	162.402344
3346.104030	0.883199	9.715186	1.264054
3347.136035	0.886961	540.234375	-51.464844
3347.138040	0.884433	540.234375	-51.464844
3347.140045	0.882450	9.706944	1.254436
3348.178137	0.376454	115.722656	164.160156
3348.180136	0.717245	115.722656	164.160156
3348.184136	0.885798	115.722656	164.160156
3348.186136	0.883866	9.722525	1.273108
3349.212232	0.260849	527.246094	-49.218750
3349.214233	0.607093	527.246094	-49.218750
3349.216234	0.867745	527.246094	-49.218750
3349.218235	0.885563	527.246094	-49.218750
3349.220234	0.883201	9.715213	1.321732
3350.260276	0.611938	121.777344	138.574219
3350.262279	0.869156	121.777344	138.574219
3350.264278	0.885377	121.777344	138.574219
3350.266279	0.883091	9.713999	1.278422
3351.294837	0.534378	551.074219	-55.371094
3351.296841	0.836186	551.074219	-55.371094
3351.298839	0.886289	551.074219	-55.371094
3351.300839	0.886148	9.747631	1.295880
3352.339382	0.503733	110.937500	169.238281
3352.341384	0.818329	110.937500	169.238281
3352.343385	0.886856	110.937500	169.238281
3352.345382	0.884108	9.725183	1.260965
3353.375411	0.415698	528.710937	-50.878906
3353.377413	0.752436	528.710937	-50.878906
3353.379412	0.888662	528.710937	-50.878906
3353.381412	0.885836	9.744202	1.266367
3354.419438	0.290642	123.242187	128.417969
3354.421440	0.635527	123.242187	128.417969
3354.423440	0.875835	123.242187	128.417969
3354.425441	0.885488	123.242187	128.417969
3354.427442	0.883245	9.715700	1.266219
3355.460023	0.877545	550.292969	-55.371094
3355.462024	0.885949	550.292969	-55.371094
3355.464025	0.883781	9.721594	1.289910
3356.502029	0.605910	110.742187	166.503906
3356.504031	0.868707	110.742187	166.503906
3356.506031	0.887565	110.742187	166.503906
3356.508031	0.885239	9.737635	1.233547
3357.540081	0.828783	554.003906	-56.445312
3357.542084	0.886094	554.003906	-56.445312
3357.544083	0.883376	9.717136	1.250494
3358.582126	0.490756	114.746094	154.785156
3358.584130	0.809514	114.746094	154.785156
3358.586129	0.886140	114.746094	154.785156
3358.588130	0.883334	9.716675	1.236400
3359.618156	0.356966	549.902344	-55.761719
3359.620160	0.698823	549.902344	-55.761719
3359.622159	0.886364	549.902344	-55.761719
3359.624158	0.885834	9.744175	1.265352
3360.664182	0.623969	112.988281	161.425781
3360.666185	0.872761	112.988281	161.425781
3360.668184	0.885383	112.988281	161.425781
3360.670183	0.883121	9.714327	1.248635
3361.702230	0.837610	533.496094	-52.050781
3361.704231	0.885922	533.496094	-52.050781
3361.706232	0.883349	9.716844	1.229999
3362.747127	0.851178	121.875000	136.230469
3362.749128	0.885820	121.875000	136.230469
3362.751129	0.883325	9.716578	1.215012
3363.779643	0.439562	547.460937	-54.589844
3363.781643	0.772344	547.460937	-54.589844
3363.783645	0.888261	547.460937	-54.589844
3363.785644	0.885324	9.738565	1.256829
3364.825717	0.449349	106.152344	193.359375
3364.827718	0.780108	106.152344	193.359375
3364.829718	0.888373	106.152344	193.359375
3364.831718	0.885350	9.738849	1.231083
3365.863845	0.863768	552.929687	-55.957031
3365.865848	0.886317	552.929687	-55.957031
3365.867846	0.884014	9.724154	1.213131
3366.907847	0.591474	112.402344	175.976562
3366.909849	0.862282	112.402344	175.976562
3366.911848	0.885699	112.402344	175.976562
3366.913853	0.883352	9.716869	1.212497
3367.943866	0.795070	548.144531	-53.222656
3367.945869	0.886611	548.144531	-53.222656
3367.947868	0.883732	9.721053	1.223451
3368.987872	0.465982	107.812500	200.097656
3368.989874	0.792766	107.812500	200.097656
3368.993872	0.885486	107.812500	200.097656
3368.995878	0.883823	9.722054	1.231699
3370.023923	0.599408	530.078125	-49.316406
3370.025925	0.865101	530.078125	-49.316406
3370.027925	0.885541	530.078125	-49.316406
3370.031923	0.881534	9.696877	1.228341
3371.068871	0.636363	110.546875	197.460937
3371.070874	0.876158	110.546875	197.460937
3371.072874	0.885687	110.546875	197.460937
3371.074874	0.883440	9.717836	1.276651
3372.108874	0.886597	547.460937	-53.125000
3372.110875	0.883798	547.460937	-53.125000
3372.112876	0.882063	9.702691	1.181420
3373.148919	0.470555	111.425781	200.488281
3373.150921	0.486323	111.425781	200.488281
3373.152922	0.886649	111.425781	200.488281
3373.154921	0.883690	9.720592	1.235750
3374.188916	0.860044	543.554687	-52.246094
3374.190918	0.885383	543.554687	-52.246094
3374.192917	0.882943	9.712368	1.164443
3375.230932	0.826188	95.996094	259.765625
3375.232933	0.887141	95.996094	259.765625
3375.234934	0.884452	9.728975	1.238772
3376.269424	0.620754	539.453125	-51.171875
3376.271427	0.871877	539.453125	-51.171875
3376.273426	0.885513	539.453125	-51.171875
3376.275427	0.883207	9.715275	1.180744
3377.309494	0.653464	96.972656	258.105469
3377.317496	0.881774	96.972656	258.105469
3377.319497	0.880569	96.972656	258.105469
3377.323495	0.879085	9.669935	1.286018
3378.349487	0.370519	534.570312	-49.414062
3378.351488	0.711655	534.570312	-49.414062
3378.353490	0.886475	534.570312	-49.414062
3378.355490	0.885049	9.735535	1.186442
3379.389530	0.744729	98.535156	251.074219
3379.393531	0.885048	98.535156	251.074219
3379.397529	0.881715	9.698862	1.256633
3380.433536	0.623123	541.699219	-51.855469
3380.435540	0.872275	541.699219	-51.855469
3380.437538	0.885120	541.699219	-51.855469
3380.439539	0.882743	9.710171	1.177381
3381.467653	0.515869	116.796875	183.007812
3381.469656	0.825583	116.796875	183.007812
3381.471655	0.886283	116.796875	183.007812
3381.473655	0.883595	9.719546	1.295324
3382.518193	0.884619	529.687500	-48.437500
3382.520194	0.885551	529.687500	-48.437500
3382.522196	0.883478	9.718262	1.246545
3383.550209	0.852063	123.242187	159.277344
3383.552210	0.885792	123.242187	159.277344
3383.554217	0.883324	9.716569	1.223596
3384.598284	0.772138	533.691406	-50.292969
3384.600290	0.887299	533.691406	-50.292969
3384.602297	0.884358	9.727940	1.152853
3385.626844	0.332431	98.632812	233.398437
3385.628847	0.675369	98.632812	233.398437
3385.630846	0.884962	98.632812	233.398437
3385.632844	0.887014	98.632812	233.398437
3385.634845	0.884998	9.734976	1.264826
3386.678849	0.614949	538.281250	-51.855469
3386.680851	0.870374	538.281250	-51.855469
3386.682851	0.885788	538.281250	-51.855469
3386.684850	0.883541	9.718953	1.151973
3387.709784	0.617756	120.800781	154.296875
3387.711783	0.870884	120.800781	154.296875
3387.713784	0.885325	120.800781	154.296875
3387.715783	0.883002	9.713024	1.224199
3388.759806	0.645388	553.710937	-56.250000
3388.761807	0.877686	553.710937	-56.250000
3388.763806	0.884904	553.710937	-56.250000
3388.765806	0.882667	9.709337	1.182619
3389.791868	0.817851	111.718750	178.906250
3389.793872	0.887060	111.718750	178.906250
3389.795872	0.884294	9.727230	1.210670
3390.840374	0.567946	555.273437	-56.835937
3390.842374	0.852929	555.273437	-56.835937
3390.844376	0.886118	555.273437	-56.835937
3390.846377	0.883756	9.721319	1.144938
3391.872417	0.717426	118.652344	153.906250
3391.874419	0.886388	118.652344	153.906250
3391.876424	0.884696	9.731652	1.266971
3392.920471	0.455892	542.382812	-53.613281
3392.922472	0.785161	542.382812	-53.613281
3392.924470	0.888157	542.382812	-53.613281
3392.926472	0.885140	9.736535	1.213204
3393.951032	2.850472	96.972656	228.417969
3393.953032	0.646115	96.972656	228.417969
3393.955033	0.878327	96.972656	228.417969
3393.957034	0.879831	96.972656	228.417969
3393.959034	0.883271	9.715984	1.267543
3395.003034	0.755232	550.195312	-55.273437
3395.005035	0.887520	550.195312	-55.273437
3395.007036	0.884686	9.731546	1.170097
3396.033103	0.527049	110.742187	177.929687
3396.035103	0.831954	110.742187	177.929687
3396.037104	0.885946	110.742187	177.929687
3396.039103	0.883324	9.716569	1.185524
3397.081623	0.341390	539.453125	-52.929687
3397.083622	0.684050	539.453125	-52.929687
3397.085621	0.885114	539.453125	-52.929687
3397.087621	0.885871	9.744582	1.172259
3398.113603	0.394788	121.386719	146.679687
3398.115608	0.733970	121.386719	146.679687
3398.117612	0.888308	121.386719	146.679687
3398.121610	0.884049	9.724536	1.193603
3399.163608	2.190781	540.722656	-53.125000
3399.165608	0.820765	540.722656	-53.125000
3399.167609	0.886471	540.722656	-53.125000
3399.169609	0.883770	9.721470	1.142609
3400.193639	0.310475	120.410156	148.925781
3400.195641	0.654342	120.410156	148.925781
3400.197644	0.879859	120.410156	148.925781
3400.199648	0.885201	120.410156	148.925781
3400.201647	0.883005	9.713051	1.262392
3401.245653	0.677493	558.007812	-57.226562
3401.247656	0.883726	558.007812	-57.226562
3401.249656	0.885097	558.007812	-57.226562
3401.251656	0.883026	9.713281	1.237604
3402.275690	0.489238	112.597656	177.734375
3402.279690	0.886454	112.597656	177.734375
3402.281692	0.883639	112.597656	177.734375
3402.283693	0.881755	9.699305	1.233955
3403.326255	0.608439	548.925781	-54.785156
3403.328257	0.867823	548.925781	-54.785156
3403.330258	0.885125	548.925781	-54.785156
3403.332256	0.882769	9.710454	1.132464
3404.356754	0.538219	93.457031	249.902344
3404.358757	0.838134	93.457031	249.902344
3404.360758	0.885961	93.457031	249.902344
3404.362758	0.883489	9.718376	1.176972
3405.406738	0.559723	551.074219	-55.078125
3405.408738	0.574389	551.074219	-55.078125
3405.410741	0.886215	551.074219	-55.078125
3405.412741	0.883784	9.721629	1.118066
3406.436796	0.326778	113.281250	184.667969
3406.438798	0.670063	113.281250	184.667969
3406.442796	0.885501	113.281250	184.667969
3406.444799	0.883307	113.281250	184.667969
3406.446805	0.881800	9.699801	1.205295
3407.487400	0.500235	546.875000	-53.710937
3407.489402	0.815956	546.875000	-53.710937
3407.491401	0.886531	546.875000	-53.710937
3407.495400	0.881981	9.701787	1.112094
3408.517462	0.262222	105.761719	215.527344
3408.519465	0.608405	105.761719	215.527344
3408.521464	0.616463	105.761719	215.527344
3408.523464	0.885825	105.761719	215.527344
3408.527463	0.881907	9.700980	1.222485
3409.567470	0.512646	550.000000	-54.101562
3409.569472	0.823581	550.000000	-54.101562
3409.571471	0.886293	550.000000	-54.101562
3409.573471	0.883522	9.718740	1.114838
3410.601479	0.732839	92.382812	273.730469
3410.603478	0.886988	92.382812	273.730469
3410.605478	0.884724	9.731963	1.207494
3411.647916	0.545092	540.917969	-51.855469
3411.649918	0.841850	540.917969	-51.855469
3411.651918	0.886145	540.917969	-51.855469
3411.653920	0.883630	9.719928	1.152784
3412.682436	0.587044	95.019531	270.800781
3412.684439	0.860635	95.019531	270.800781
3412.686439	0.862981	95.019531	270.800781
3412.688440	0.883371	9.717083	1.174390
3413.728481	0.639039	548.632812	-53.417969
3413.730481	0.876895	548.632812	-53.417969
3413.732481	0.885745	548.632812	-53.417969
3413.734483	0.883529	9.718820	1.148055
3414.764540	0.602429	119.628906	187.109375
3414.766543	0.865994	119.628906	187.109375
3414.768542	0.885394	119.628906	187.109375
3414.770543	0.883004	9.713041	1.217737
3415.809515	0.800178	542.871094	-51.464844
3415.811517	0.886844	542.871094	-51.464844
3415.813518	0.883927	9.723198	1.097915
3416.847511	0.754243	120.019531	187.500000
3416.849512	0.886937	120.019531	187.500000
3416.851512	0.884182	9.726007	1.185969
3417.887525	0.478246	543.066406	-51.855469
3417.889527	0.801213	543.066406	-51.855469
3417.891526	0.886851	543.066406	-51.855469
3417.893526	0.883950	9.723454	1.094524
3418.928014	0.452898	107.128906	231.445312
3418.930016	0.782529	107.128906	231.445312
3418.932016	0.887101	107.128906	231.445312
3418.934016	0.884207	9.726282	1.166392
3419.966020	0.305468	549.316406	-52.832031
3419.968022	0.649646	549.316406	-52.832031
3419.970022	0.880066	549.316406	-52.832031
3419.972022	0.886560	549.316406	-52.832031
3419.974020	0.884444	9.728888	1.139239
3421.010018	0.488560	101.074219	249.902344
3421.014017	0.886305	101.074219	249.902344
3421.016019	0.883407	101.074219	249.902344
3421.018018	0.881553	9.697081	1.151945
3422.046020	0.302024	555.078125	-54.882812
3422.048022	0.646344	555.078125	-54.882812
3422.050023	0.878499	555.078125	-54.882812
3422.054020	0.883382	555.078125	-54.882812
3422.056022	0.881791	9.699703	1.143788
3423.092051	0.528599	91.894531	284.179687
3423.096053	0.886074	91.894531	284.179687
3423.100052	0.881737	91.894531	284.179687
3423.102052	0.880379	9.684168	1.128691
3424.128136	0.494621	541.894531	-51.953125
3424.130135	0.812093	541.894531	-51.953125
3424.132135	0.815992	541.894531	-51.953125
3424.134136	0.883440	9.717836	1.101545
3425.174152	0.669862	109.960937	211.718750
3425.176154	0.883108	109.960937	211.718750
3425.180152	0.883685	109.960937	211.718750
3425.182155	0.882243	9.704676	1.156631
3426.210698	0.818128	558.789062	-56.640625
3426.212701	0.886227	558.789062	-56.640625
3426.214701	0.883492	9.718412	1.109452
3427.253164	0.324086	98.339844	248.828125
3427.255167	0.667366	98.339844	248.828125
3427.257166	0.882429	98.339844	248.828125
3427.259165	0.885527	98.339844	248.828125
3427.261166	0.883465	9.718120	1.150430
3428.289204	0.459030	556.054687	-55.859375
3428.291208	0.787151	556.054687	-55.859375
3428.293206	0.886569	556.054687	-55.859375
3428.295208	0.883619	9.719812	1.124834
3429.335283	0.512768	99.316406	242.773437
3429.337285	0.823607	99.316406	242.773437
3429.339283	0.827755	99.316406	242.773437
3429.341285	0.883360	9.716959	1.107408
3430.371300	0.642074	547.460937	-53.906250
3430.375300	0.884946	547.460937	-53.906250
3430.377302	0.882678	547.460937	-53.906250
3430.379303	0.881048	9.691524	1.152588
3431.415310	0.387686	102.050781	229.492187
3431.417312	0.727576	102.050781	229.492187
3431.419312	0.887719	102.050781	229.492187
3431.421313	0.885542	9.740958	1.129284
3432.451408	0.441582	561.718750	-57.910156
3432.453408	0.774051	561.718750	-57.910156
3432.455409	0.889093	561.718750	-57.910156
3432.457409	0.886078	9.746860	1.178863
3433.497449	0.620545	100.292969	234.960937
3433.499450	0.871753	100.292969	234.960937
3433.501450	0.885359	100.292969	234.960937
3433.503449	0.883117	9.714282	1.122964
3434.533497	0.623749	562.988281	-58.203125
3434.535500	0.872570	562.988281	-58.203125
3434.537498	0.885283	562.988281	-58.203125
3434.539498	0.883043	9.713475	1.134486
3435.577497	0.410506	110.742187	197.753906
3435.579498	0.747860	110.742187	197.753906
3435.581499	0.888084	110.742187	197.753906
3435.583499	0.885393	9.739327	1.163637
3436.614032	0.582604	559.472656	-57.421875
3436.618030	0.885652	559.472656	-57.421875
3436.620034	0.883216	559.472656	-57.421875
3436.622033	0.881548	9.697027	1.099420
3437.658069	0.331146	101.074219	232.226562
3437.660077	0.674170	101.074219	232.226562
3437.662077	0.884916	101.074219	232.226562
3437.666077	0.884842	101.074219	232.226562
3437.668079	0.883452	9.717969	1.114202
3438.694105	0.421870	550.390625	-55.273437
3438.696105	0.757651	550.390625	-55.273437
3438.698107	0.888481	550.390625	-55.273437
3438.700105	0.885623	9.741853	1.175409
3439.742121	0.822295	109.863281	201.269531
3439.744123	0.886231	109.863281	201.269531
3439.746125	0.883515	9.718669	1.080585
3440.776681	0.683083	562.304687	-58.105469
3440.778679	0.884836	562.304687	-58.105469
3440.780677	0.885658	9.742243	1.122075
3441.821196	0.516734	96.777344	253.710937
3441.823196	0.826005	96.777344	253.710937
3441.827194	0.883366	96.777344	253.710937
3441.829197	0.881601	9.697612	1.083773
3442.857223	0.602536	552.148437	-54.882812
3442.859224	0.865948	552.148437	-54.882812
3442.861223	0.885218	552.148437	-54.882812
3442.863225	0.882740	9.710143	1.077643
3443.902229	0.519222	97.265625	258.496094
3443.904231	0.827526	97.265625	258.496094
3443.906230	0.886089	97.265625	258.496094
3443.908230	0.883378	9.717154	1.082867
3444.938260	0.606312	548.730469	-54.492187
3444.940261	0.867381	548.730469	-54.492187
3444.942261	0.885451	548.730469	-54.492187
3444.944262	0.883099	9.714087	1.117651
3445.984801	0.774954	110.058594	214.257812
3445.986804	0.887739	110.058594	214.257812
3445.988803	0.884737	9.732104	1.091465
3447.017352	0.270676	558.789062	-56.347656
3447.019353	0.616456	558.789062	-56.347656
3447.021354	0.870456	558.789062	-56.347656
3447.023354	0.885241	558.789062	-56.347656
3447.025353	0.882886	9.711748	1.111684
