time (s)	energy (uJ)	charge (mC)	voltage (mV)	crossing#mod 255
3183.782273	74.410477	0.009733	7.645327	105
3184.824368	72.541161	0.009731	7.454479	106
3185.862624	73.669991	0.009728	7.573053	107
3186.909204	72.627449	0.009754	7.445750	108
3187.940178	75.297874	0.009744	7.727483	109
3188.991715	74.780548	0.009728	7.687173	110
3190.022238	76.689278	0.009721	7.889169	111
3191.072176	75.215088	0.009723	7.735443	112
3192.100984	77.071724	0.009742	7.911294	113
3193.154242	74.852753	0.009731	7.692037	114
3194.183377	79.273590	0.009738	8.140735	115
3195.233953	76.307312	0.009702	7.865377	116
3196.262314	80.241676	0.009704	8.269184	117
3197.314403	77.793350	0.009721	8.002878	118
3198.344890	79.801552	0.009718	8.211954	119
3199.394890	78.633179	0.009729	8.082510	120
3200.426950	80.722321	0.009727	8.298464	121
3201.473582	80.089790	0.009739	8.223736	122
3202.507616	82.469795	0.009728	8.477205	123
3203.551679	81.683685	0.009718	8.405420	124
3204.588242	83.565430	0.009752	8.568627	125
3205.628534	81.843575	0.009729	8.412077	126
3206.672603	83.126045	0.009708	8.562916	127
3207.710644	82.083260	0.009737	8.430008	128
3208.756693	84.897484	0.009699	8.753281	129
3209.791552	82.046272	0.009718	8.442285	130
3210.844346	85.975700	0.009723	8.842690	131
3211.875347	80.809196	0.009724	8.309924	132
3212.916031	90.304878	0.009742	9.270097	133
3213.954257	81.276802	0.009727	8.355618	134
3214.993958	91.043396	0.009719	9.367255	135
3216.037853	81.255936	0.009725	8.355506	136
3217.072080	91.925529	0.009743	9.434814	137
3218.123490	81.282585	0.009727	8.356168	138
3219.151987	94.108994	0.009738	9.663651	139
3220.204870	82.672928	0.009703	8.520362	140
3221.229444	92.861305	0.009718	9.556047	141
3222.286593	83.739502	0.009684	8.646886	142
3223.312788	92.185341	0.009716	9.487793	143
3224.366724	87.611992	0.009739	8.996258	144
3225.394934	91.313896	0.009720	9.394709	145
3226.443866	90.142365	0.009777	9.219462	146
3227.477640	91.163940	0.009726	9.373221	147
3228.525272	89.714912	0.009723	9.226809	148
3229.558844	93.815018	0.009783	9.589152	149
3230.602825	93.163277	0.009740	9.565208	150
3231.640244	94.224594	0.009742	9.671756	151
3232.682771	92.113663	0.009722	9.474530	152
3233.722955	93.198105	0.009742	9.566957	153
3234.763122	92.688568	0.009769	9.487912	154
3235.806528	92.686684	0.009719	9.536677	155
3236.844678	93.166161	0.009718	9.586894	156
3237.884964	94.470634	0.009727	9.711791	157
3238.925162	93.882645	0.009733	9.646255	158
3239.966548	94.600403	0.009722	9.730255	159
3241.006985	94.177292	0.009717	9.691939	160
3242.045342	95.287666	0.009748	9.775380	161
3243.089141	94.677574	0.009723	9.737607	162
3244.125303	96.054306	0.009736	9.865751	163
3245.171334	94.412697	0.009711	9.722293	164
3246.205559	96.608688	0.009723	9.936521	165
3247.258203	92.711311	0.009722	9.536629	166
3248.286493	97.253441	0.009730	9.994810	167
3249.336996	93.371330	0.009699	9.626425	168
3250.364165	99.225288	0.009705	10.223680	169
3251.419889	91.833549	0.009736	9.432478	170
3252.445076	100.908768	0.009736	10.364902	171
3253.498515	91.860779	0.009732	9.439338	172
3254.526695	102.805984	0.009720	10.577057	173
3255.576557	92.641609	0.009714	9.537031	174
3256.609398	103.376114	0.009735	10.618501	175
3257.655406	93.047485	0.009728	9.565061	176
3258.693446	101.824356	0.009722	10.474126	177
3259.734492	93.080322	0.009726	9.570722	178
3260.776906	101.435951	0.009703	10.453766	179
3261.813110	95.504547	0.009745	9.800597	180
3262.863152	97.976791	0.009721	10.079330	181
3263.897135	93.229218	0.009724	9.587892	182
3264.941738	99.147514	0.009713	10.207307	183
3265.975654	96.211082	0.009735	9.883391	184
3267.020824	100.581299	0.009730	10.337307	185
3268.056509	97.731949	0.009718	10.056903	186
3269.101600	99.266281	0.009720	10.213103	187
3270.138152	98.649178	0.009727	10.142131	188
3271.180514	100.451950	0.009727	10.326995	189
3272.220208	98.839890	0.009719	10.169985	190
3273.262216	99.037781	0.009726	10.182760	191
3274.302065	99.697937	0.009702	10.275729	192
3275.342270	100.239311	0.009720	10.312434	193
3276.382539	99.983871	0.009740	10.264919	194
3277.422799	99.882835	0.009722	10.274412	195
3278.463707	100.034035	0.009741	10.269238	196
3279.503950	100.259132	0.009742	10.291709	197
3280.545236	99.496956	0.009702	10.255622	198
3281.589239	95.744431	0.009727	9.843134	199
3282.623725	100.988365	0.009725	10.384326	200
3283.667910	99.840515	0.009721	10.270892	201
3284.705952	102.886559	0.009716	10.589181	202
3285.749874	98.867821	0.009708	10.184551	203
3286.785893	99.744102	0.009734	10.246885	204
3287.832303	98.011185	0.009730	10.072959	205
3288.866890	97.715492	0.009729	10.044198	206
3289.913081	99.654648	0.009719	10.253986	207
3290.947175	96.920776	0.009717	9.974122	208
3291.994050	99.892357	0.009724	10.272404	209
3293.027638	97.166687	0.009740	9.976354	210
3294.074805	100.066467	0.009715	10.300616	211
3295.110144	95.400833	0.009737	9.797429	212
3296.153629	102.219467	0.009718	10.518921	213
3297.193504	94.687759	0.009718	9.743664	214
3298.231941	103.243759	0.009728	10.612769	215
3299.275300	94.662842	0.009723	9.735790	216
3300.313543	100.099007	0.009718	10.300028	217
3301.358196	94.344284	0.009725	9.701701	218
3302.391605	101.786720	0.009750	10.439694	219
3303.442120	93.050713	0.009730	9.562814	220
3304.470877	102.046875	0.009719	10.500270	221
3305.521534	95.060028	0.009721	9.779188	222
3306.551876	100.922134	0.009726	10.376778	223
3307.603630	94.818901	0.009764	9.710808	224
3308.634203	99.194473	0.009739	10.185636	225
3309.684234	94.928200	0.009717	9.769670	226
3310.714989	99.508575	0.009718	10.239134	227
3311.763681	97.157600	0.009745	9.970386	228
3312.795590	98.975014	0.009716	10.186842	229
3313.846658	98.497742	0.009717	10.136610	230
3314.877600	97.540077	0.009719	10.036233	231
3315.927328	93.696594	0.009721	9.638144	232
3316.958492	97.997047	0.009739	10.062516	233
3318.007878	99.388382	0.009723	10.222170	234
3319.040459	95.536140	0.009726	9.822840	235
3320.088479	94.331474	0.009727	9.697609	236
3321.120506	96.499107	0.009699	9.949175	237
3322.168752	94.973244	0.009698	9.792894	238
3323.199239	100.164230	0.009704	10.322281	239
3324.249955	94.984375	0.009732	9.759786	240
3325.280394	98.690826	0.009712	10.161708	241
3326.331634	93.586632	0.009713	9.635073	242
3327.362287	103.051468	0.009712	10.610373	243
3328.412531	93.199867	0.009734	9.574873	244
3329.443188	96.951500	0.009722	9.972499	245
3330.494620	92.119942	0.009737	9.461041	246
3331.525479	96.962914	0.009720	9.976102	247
3332.574097	90.822037	0.009730	9.334225	248
3333.608690	92.624001	0.009729	9.520219	249
3334.655105	88.474991	0.009722	9.100658	250
3335.686536	101.514709	0.009695	10.470642	251
3336.733793	89.474648	0.009732	9.193661	252
3337.770195	97.477394	0.009729	10.019752	253
3338.811719	91.975960	0.009731	9.451716	254
3339.852786	97.378487	0.009740	9.997636	255
3340.892363	90.213211	0.009722	9.278810	0
3341.934850	96.757584	0.009747	9.926582	1
3342.972140	90.681602	0.009719	9.329878	2
3344.015884	96.425110	0.009701	9.939212	3
3345.052136	91.770813	0.009718	9.443200	4
3346.098281	93.393539	0.009715	9.613150	5
3347.136916	85.420746	0.009707	8.799962	6
3348.178582	93.885925	0.009723	9.656537	7
3349.213162	93.870232	0.009715	9.662189	8
3350.260362	91.262894	0.009714	9.394987	9
3351.295121	94.660110	0.009748	9.711089	10
3352.339714	93.408226	0.009725	9.604778	11
3353.375967	93.524406	0.009744	9.597955	12
3354.420292	92.677216	0.009716	9.538913	13
3355.459327	89.340553	0.009722	9.189908	14
3356.502131	90.426476	0.009738	9.286288	15
3357.539981	89.473770	0.009717	9.207833	16
3358.582489	90.640892	0.009717	9.328386	17
3359.618863	92.812462	0.009744	9.524918	18
3360.664245	89.407684	0.009714	9.203693	19
3361.702117	87.922119	0.009717	9.048424	20
3362.746972	86.508705	0.009717	8.903207	21
3363.780137	92.332962	0.009739	9.481167	22
3364.826186	89.867165	0.009739	9.227699	23
3365.863617	86.559425	0.009724	8.901485	24
3366.907975	88.978966	0.009717	9.157164	25
3367.943801	86.862526	0.009721	8.935506	26
3368.988292	90.303581	0.009722	9.288528	27
3370.024011	87.262238	0.009697	8.999004	28
3371.068912	97.907967	0.009718	10.075079	29
3372.109640	86.511772	0.009703	8.916265	30
3373.150830	87.430199	0.009721	8.994329	31
3374.188703	82.705063	0.009712	8.515437	32
3375.230840	89.771149	0.009729	9.227195	33
3376.269493	84.338074	0.009715	8.680977	34
3377.309385	92.080414	0.009670	9.522341	35
3378.349960	86.739723	0.009736	8.909600	36
3379.389433	88.790039	0.009699	9.154686	37
3380.433599	85.560493	0.009710	8.811430	38
3381.467954	97.377472	0.009720	10.018726	39
3382.521829	73.328484	0.009718	7.545432	40
3383.550051	86.069885	0.009717	8.858053	41
3384.598231	82.007187	0.009728	8.430067	42
3385.627597	93.914246	0.009735	9.647096	43
3386.678930	83.948090	0.009719	8.637566	44
3387.709858	91.888977	0.009713	9.460388	45
3388.759829	85.466957	0.009709	8.802553	46
3389.791785	85.041237	0.009727	8.742596	47
3390.840554	86.091194	0.009721	8.855917	48
3391.872397	85.568611	0.009732	8.792814	49
3392.920923	85.238983	0.009737	8.754550	50
3393.950885	91.928032	0.009716	9.461525	51
3395.002990	82.427544	0.009732	8.470139	52
3396.033377	86.396263	0.009717	8.891643	53
3397.082553	84.746742	0.009745	8.696806	54
3398.114201	86.360153	0.009725	8.880645	55
3399.163361	84.477745	0.009721	8.689812	56
3400.194265	88.013725	0.009713	9.061388	57
3401.245626	84.923576	0.009713	8.743037	58
3402.275633	86.817070	0.009699	8.950855	59
3403.326347	82.093208	0.009710	8.454106	60
3404.357003	82.409088	0.009718	8.479718	61
3405.408632	76.815353	0.009722	7.901489	62
3406.437345	87.132980	0.009700	8.982965	63
3407.487722	81.046188	0.009702	8.353738	64
3408.519026	86.105438	0.009701	8.875952	65
3409.567779	81.153130	0.009719	8.350170	66
3410.601449	86.109055	0.009732	8.848066	67
3411.648148	86.446495	0.009720	8.893739	68
3412.682727	84.481010	0.009717	8.694072	69
3413.728517	81.648209	0.009719	8.401042	70
3414.764644	84.986534	0.009713	8.749735	71
3415.809445	74.504570	0.009723	7.662558	72
3416.847469	84.559471	0.009726	8.694160	73
3417.887919	79.941719	0.009723	8.221535	74
3418.928473	83.842743	0.009726	8.620225	75
3419.967016	75.013916	0.009729	7.710431	76
3421.009960	84.018951	0.009697	8.664355	77
3422.046833	78.649315	0.009700	8.108425	78
3423.091971	85.280693	0.009684	8.806197	79
3424.128850	79.154373	0.009718	8.145267	80
3425.174117	80.846909	0.009705	8.330717	81
3426.210614	82.859055	0.009718	8.525987	82
3427.253934	82.130287	0.009718	8.451253	83
3428.289645	81.109612	0.009720	8.344771	84
3429.335906	79.225739	0.009717	8.153347	85
3430.371221	83.259422	0.009692	8.590953	86
3431.415936	80.611092	0.009741	8.275478	87
3432.451898	87.628532	0.009747	8.990438	88
3433.497519	79.705765	0.009714	8.205008	89
3434.533561	81.455360	0.009713	8.385811	90
3435.578065	80.561363	0.009739	8.271758	91
3436.613966	80.323311	0.009697	8.283292	92
3437.659000	76.761772	0.009718	7.898952	93
3438.694645	81.547180	0.009742	8.370808	94
3439.742032	75.903099	0.009719	7.810030	95
3440.776689	80.138382	0.009742	8.225866	96
3441.821481	77.910683	0.009698	8.034007	97
3442.857325	78.585709	0.009710	8.093157	98
3443.902521	78.461716	0.009717	8.074557	99
3444.938357	78.227867	0.009714	8.053033	100
3445.984746	76.236382	0.009732	7.833494	101
3447.018256	81.767029	0.009712	8.419394	102
