time (s)	coil I (A)	last det (V)	int current (uC)
405789.643170	0.586645	240.429687	131.835937
405789.645171	0.725716	240.429687	131.835937
405789.647170	0.723346	7.956807	-0.689225
405790.691736	0.584713	197.851562	-272.265625
405790.693733	0.725865	197.851562	-272.265625
405790.695734	0.723589	7.959475	-0.565173
405791.739771	0.496126	239.648437	116.796875
405791.741774	0.718779	239.648437	116.796875
405791.743773	0.723357	239.648437	116.796875
405791.745774	0.721358	7.934936	-0.577290
405792.787788	0.400597	182.324219	-288.574219
405792.789791	0.689726	182.324219	-288.574219
405792.791790	0.724324	182.324219	-288.574219
405792.793791	0.722151	7.943655	-0.494814
405793.803790	0.433777	241.015625	132.324219
405793.805791	0.702906	241.015625	132.324219
405793.807792	0.724361	241.015625	132.324219
405793.809792	0.722299	7.945287	-0.684630
405794.855802	0.724394	226.660156	-248.144531
405794.857803	0.721930	7.941228	-0.575495
405795.902336	0.649168	239.648437	112.109375
405795.904336	0.724179	239.648437	112.109375
405795.908336	0.719890	7.918788	-0.579807
405796.950350	0.574104	193.457031	-278.417969
405796.952352	0.725648	193.457031	-278.417969
405796.954353	0.723660	7.960264	-0.493342
405797.964876	0.353906	241.015625	124.316406
405797.966877	0.665724	241.015625	124.316406
405797.968878	0.723913	241.015625	124.316406
405797.970879	0.721434	7.935777	-0.656459
405799.016912	0.725003	226.367187	-249.902344
405799.018914	0.722528	7.947813	-0.523132
405800.063451	0.595673	239.648437	111.718750
405800.065452	0.725095	239.648437	111.718750
405800.067454	0.722714	7.949859	-0.566422
405801.111897	0.573623	189.550781	-285.253906
405801.113899	0.725136	189.550781	-285.253906
405801.115900	0.723121	7.954326	-0.484297
405802.125965	0.275436	240.332031	122.167969
405802.127966	0.614682	240.332031	122.167969
405802.129967	0.730165	240.332031	122.167969
405802.131967	0.727487	8.002360	-0.646196
405803.176055	0.537886	230.175781	-248.437500
405803.178055	0.723768	230.175781	-248.437500
405803.180056	0.723461	7.958075	-0.545866
405804.192604	0.645562	239.062500	136.132812
405804.194607	0.724719	239.062500	136.132812
405804.196608	0.722157	7.943727	-0.652545
405805.272649	0.864595	194.726562	-284.375000
405805.274651	0.705465	194.726562	-284.375000
405805.276651	0.723534	194.726562	-284.375000
405805.278650	0.721388	7.935263	-0.494599
405806.288652	0.475498	238.281250	124.804687
405806.290654	0.714568	238.281250	124.804687
405806.292653	0.723469	238.281250	124.804687
405806.294654	0.721380	7.935175	-0.600220
405807.338684	0.680221	235.253906	-246.093750
405807.340685	0.723748	235.253906	-246.093750
405807.342685	0.721413	7.935547	-0.523023
405808.353244	0.506639	237.011719	136.914062
405808.355244	0.720689	237.011719	136.914062
405808.357244	0.723038	237.011719	136.914062
405808.359242	0.721005	7.931054	-0.602341
405809.433244	0.275244	201.855469	-280.078125
405809.435247	0.613837	201.855469	-280.078125
405809.437245	0.726538	201.855469	-280.078125
405809.439245	0.723946	7.963401	-0.520995
405810.451291	0.644430	236.816406	135.937500
405810.453292	0.725020	236.816406	135.937500
405810.455293	0.722501	7.947511	-0.175900
405811.499332	0.569656	245.996094	-237.500000
405811.501335	0.724989	245.996094	-237.500000
405811.505333	0.721260	7.933863	-0.541164
405812.515346	0.601035	235.644531	137.597656
405812.517344	0.725223	235.644531	137.597656
405812.519345	0.722711	7.949824	-0.612090
405813.595382	0.382701	193.359375	-290.136719
405813.597384	0.681203	193.359375	-290.136719
405813.599386	0.724278	193.359375	-290.136719
405813.601387	0.721989	7.941875	-0.495753
405814.611438	1.239583	235.839844	138.085937
405814.613441	0.699708	235.839844	138.085937
405814.615442	0.723199	235.839844	138.085937
405814.617446	0.723063	7.953688	-0.562696
405815.661402	0.644566	237.304687	-245.800781
405815.665404	0.721581	237.304687	-245.800781
405815.667407	0.719811	7.917920	-0.510884
405816.677431	0.668097	234.277344	149.121094
405816.679433	0.723726	234.277344	149.121094
405816.681432	0.721254	7.933792	-0.610006
405817.724390	0.425631	265.332031	-223.535156
405817.726390	0.699191	265.332031	-223.535156
405817.728393	0.723106	265.332031	-223.535156
405817.730392	0.720832	7.929157	-0.541775
405818.772355	0.316203	238.671875	128.222656
405818.774356	0.332656	238.671875	128.222656
405818.776358	0.724848	238.671875	128.222656
405818.778356	0.722364	7.946004	-0.544342
405819.822377	0.565750	214.062500	-267.773437
405819.824379	0.724019	214.062500	-267.773437
405819.826378	0.722217	7.944383	-0.481156
405820.840427	0.724671	237.500000	144.140625
405820.842429	0.722157	7.943727	-0.587269
405821.886952	0.594222	229.687500	-253.125000
405821.888953	0.725018	229.687500	-253.125000
405821.890955	0.722652	7.949177	-0.513232
405822.935357	0.568361	241.601562	128.417969
405822.937359	0.724055	241.601562	128.417969
405822.939359	0.722181	7.943993	-0.543653
405823.983387	0.478696	214.257812	-266.796875
405823.985389	0.714800	214.257812	-266.796875
405823.987389	0.722727	214.257812	-266.796875
405823.989390	0.720633	7.926960	-0.471365
405824.999458	0.522200	239.746094	141.113281
405825.001462	0.721882	239.746094	141.113281
405825.003461	0.722875	7.951623	-0.558398
405826.052361	0.722563	223.535156	-257.226562
405826.054363	0.720712	7.927836	-0.472686
405827.096441	0.494855	245.312500	126.074219
405827.098441	0.718571	245.312500	126.074219
405827.100442	0.723415	245.312500	126.074219
405827.102441	0.721381	7.935193	-0.540252
405828.146507	1.133455	217.871094	-262.695312
405828.150510	0.721272	217.871094	-262.695312
405828.152510	0.719755	7.917300	-0.464387
405829.161047	0.530206	245.312500	129.003906
405829.163049	0.722645	245.312500	129.003906
405829.165050	0.722908	7.951986	-0.549916
405830.245103	0.724649	175.683594	-308.984375
405830.247104	0.722069	7.942760	-0.109631
405831.257084	0.338701	248.144531	120.019531
405831.259087	0.657043	248.144531	120.019531
405831.261087	0.724724	248.144531	120.019531
405831.263086	0.722278	7.945056	-0.514371
405832.307066	0.578688	223.730469	-256.640625
405832.309068	0.723694	223.730469	-256.640625
405832.311069	0.721407	7.935476	-0.427470
405833.321612	0.365407	245.410156	129.492187
405833.323614	0.671892	245.410156	129.492187
405833.325614	0.723721	245.410156	129.492187
405833.327616	0.721238	7.933615	-0.509964
405834.403667	0.488662	205.078125	-275.585937
405834.405670	0.716865	205.078125	-275.585937
405834.407671	0.722779	205.078125	-275.585937
405834.409669	0.720678	7.927456	-0.420564
405835.419625	0.509782	250.488281	115.820312
405835.421626	0.721207	250.488281	115.820312
405835.423626	0.723284	250.488281	115.820312
405835.425626	0.721377	7.935148	-0.515198
405836.471663	0.723432	222.167969	-257.617187
405836.473667	0.721120	7.932321	-0.413060
405837.484277	0.558076	246.582031	127.636719
405837.486279	0.724508	246.582031	127.636719
405837.488279	0.723066	7.953724	-0.493742
405838.564312	0.334264	188.378906	-295.703125
405838.566315	0.654006	188.378906	-295.703125
405838.568314	0.724133	188.378906	-295.703125
405838.570315	0.721523	7.936752	-0.407002
405839.580300	0.366215	247.949219	126.953125
405839.582302	0.672508	247.949219	126.953125
405839.584303	0.723965	247.949219	126.953125
405839.586303	0.721565	7.937213	-0.485860
405840.630288	0.600760	225.195312	-256.250000
405840.632290	0.725937	225.195312	-256.250000
405840.634290	0.723481	7.958288	-0.361063
405841.646346	0.633448	245.996094	129.492187
405841.648348	0.724295	245.996094	129.492187
405841.650349	0.721682	7.938498	-0.171467
405842.726398	0.430672	187.988281	-297.949219
405842.730397	0.723083	187.988281	-297.949219
405842.732399	0.720860	187.988281	-297.949219
405842.734398	0.719335	7.912682	-0.390680
405843.744451	0.712875	247.753906	125.097656
405843.746453	0.722692	247.753906	125.097656
405843.752451	0.718179	7.899973	-0.462179
405844.792967	0.713108	221.484375	-261.523437
405844.794969	0.725849	221.484375	-261.523437
405844.796968	0.723823	7.962054	-0.381798
405845.807503	0.583020	245.117187	130.078125
405845.809507	0.727121	245.117187	130.078125
405845.811506	0.724817	7.972981	-0.431769
405846.855565	0.499010	246.386719	-239.257812
405846.857567	0.718063	246.386719	-239.257812
405846.859567	0.721919	246.386719	-239.257812
405846.861569	0.719881	7.918691	-0.381388
405847.904533	0.561389	246.289062	127.343750
405847.906536	0.724288	246.289062	127.343750
405847.908536	0.722644	7.949088	-0.446969
405848.953036	1.082758	211.621094	-274.414062
405848.955037	0.723777	211.621094	-274.414062
405848.957037	0.722637	7.949009	-0.382552
405849.969076	0.587616	244.335937	130.078125
405849.971078	0.724371	244.335937	130.078125
405849.973079	0.722010	7.942105	-0.442016
405851.017529	0.569810	245.312500	-242.089844
405851.019531	0.724464	245.312500	-242.089844
405851.021530	0.722531	7.947839	-0.366486
405852.068108	0.724300	247.656250	121.289062
405852.070110	0.722393	7.946323	-0.396266
405853.114131	0.478116	216.796875	-269.726562
405853.116132	0.714668	216.796875	-269.726562
405853.118135	0.722774	216.796875	-269.726562
405853.120134	0.720636	7.926995	-0.347165
405854.132158	0.722459	238.574219	141.210937
405854.134161	0.724249	238.574219	141.210937
405854.136165	0.722404	7.946447	-0.426434
405855.211112	0.448666	202.734375	-288.085937
405855.213115	0.706474	202.734375	-288.085937
405855.215115	0.722287	202.734375	-288.085937
405855.217114	0.720024	7.920259	-0.338105
405856.227110	0.482536	243.164062	131.542969
405856.229112	0.715691	243.164062	131.542969
405856.231113	0.722863	243.164062	131.542969
405856.233114	0.720802	7.928820	-0.408736
405857.275201	0.398003	229.492187	-258.300781
405857.277202	0.687878	229.492187	-258.300781
405857.279202	0.723213	229.492187	-258.300781
405857.281203	0.720853	7.929387	-0.358572
405858.293267	0.705559	244.042969	129.492187
405858.295269	0.723707	244.042969	129.492187
405858.297268	0.721546	7.937009	-0.387498
405859.373363	0.568358	204.492187	-286.718750
405859.375364	0.724265	204.492187	-286.718750
405859.377364	0.722379	7.946164	-0.323174
405860.389344	0.595634	247.656250	120.898437
405860.391344	0.725369	247.656250	120.898437
405860.393344	0.723026	7.953280	-0.356449
405861.437317	0.498299	227.343750	-260.839844
405861.439318	0.718640	227.343750	-260.839844
405861.441319	0.722793	227.343750	-260.839844
405861.443319	0.720692	7.927607	-0.315575
405862.453307	0.527842	240.429687	135.449219
405862.455307	0.722045	240.429687	135.449219
405862.457308	0.722414	7.946554	-0.340119
405863.533879	0.397361	221.484375	-268.066406
405863.535882	0.687408	221.484375	-268.066406
405863.537883	0.723004	221.484375	-268.066406
405863.539883	0.720640	7.927039	-0.344221
405864.550392	0.513820	250.878906	118.261719
405864.552393	0.720448	250.878906	118.261719
405864.554395	0.722263	7.944897	-0.367297
405865.598453	0.427383	241.894531	-245.800781
405865.600454	0.699548	241.894531	-245.800781
405865.602453	0.722696	241.894531	-245.800781
405865.604454	0.720453	7.924983	-0.292382
405866.614474	0.464282	245.996094	127.246094
405866.618474	0.722431	245.996094	127.246094
405866.622474	0.718910	245.996094	127.246094
405866.624477	0.718015	7.898166	-0.325072
405867.696556	0.585860	209.863281	-282.617187
405867.698556	0.724962	209.863281	-282.617187
405867.700556	0.722700	7.949700	-0.304232
405868.710591	0.283592	254.785156	115.625000
405868.712595	0.619765	254.785156	115.625000
405868.714596	0.725252	254.785156	115.625000
405868.716594	0.722774	7.950515	-0.332712
405869.760598	0.531988	235.546875	-252.636719
405869.762600	0.539089	235.546875	-252.636719
405869.764601	0.721875	7.940625	-0.266603
405870.775112	0.305748	249.023437	124.316406
405870.779113	0.723635	249.023437	124.316406
405870.781113	0.720957	249.023437	124.316406
405870.783113	0.719227	7.911495	-0.329208
405871.859083	0.696349	208.496094	-283.886719
405871.861087	0.723149	208.496094	-283.886719
405871.863086	0.720849	7.929343	-0.259589
405872.873102	0.454463	257.519531	112.890625
405872.875102	0.708541	257.519531	112.890625
405872.877102	0.722803	257.519531	112.890625
405872.879102	0.720652	7.927172	-0.330904
405874.937192	0.404390	250.488281	122.656250
405874.939193	0.416684	250.488281	122.656250
405874.941192	0.723524	250.488281	122.656250
405874.943193	0.721292	7.934217	-0.302458
405877.001356	0.366145	244.824219	133.300781
405877.003359	0.672211	244.824219	133.300781
405877.005359	0.723452	244.824219	133.300781
405877.007360	0.721020	7.931222	-0.309224
405879.201511	0.722827	292.871094	77.734375
405879.203513	0.720835	292.871094	77.734375
405879.205514	0.720778	7.928555	-0.254120
405881.359640	0.391011	326.562500	56.445312
405881.361642	0.684656	326.562500	56.445312
405881.363642	0.723198	326.562500	56.445312
405881.365644	0.720905	7.929955	-0.145585
405883.457680	0.542821	333.203125	53.320312
405883.459682	0.723307	333.203125	53.320312
405883.461683	0.722645	7.949098	-0.130658
405885.521829	0.502272	329.101562	55.371094
405885.523832	0.719503	329.101562	55.371094
405885.525831	0.720282	329.101562	55.371094
405885.527831	0.721035	7.931382	-0.142949
405887.619973	0.650924	336.816406	51.953125
405887.621976	0.724088	336.816406	51.953125
405887.623976	0.723988	7.963871	-0.129341
405889.682512	0.356119	323.828125	58.300781
405889.684511	0.666983	323.828125	58.300781
405889.686512	0.723900	323.828125	58.300781
405889.688513	0.721434	7.935777	-0.146682
405891.781141	0.604003	336.523437	53.222656
405891.783144	0.724869	336.523437	53.222656
405891.785143	0.722440	7.946837	-0.065624
405893.845247	0.560948	325.097656	59.570312
405893.847248	0.724563	325.097656	59.570312
405893.849246	0.722976	7.952731	-0.132198
405895.941390	0.390356	334.667969	55.761719
405895.943390	0.684333	334.667969	55.761719
405895.945392	0.723208	334.667969	55.761719
405895.947391	0.720844	7.929281	-0.122980
405898.005472	0.336064	327.441406	59.375000
405898.007472	0.655251	327.441406	59.375000
405898.009474	0.724118	327.441406	59.375000
405898.013473	0.719878	7.918655	-0.127796
405900.071624	0.626628	320.507812	63.769531
405900.073624	0.725260	320.507812	63.769531
405900.075626	0.722707	7.949780	0.069681
405902.169745	0.711621	332.812500	58.496094
405902.171748	0.723081	332.812500	58.496094
405902.173747	0.720991	7.930903	-0.133959
405904.264370	0.373661	335.156250	57.812500
405904.266373	0.676046	335.156250	57.812500
405904.268373	0.723036	335.156250	57.812500
405904.270372	0.720565	7.926215	-0.108117
405906.330466	0.644621	329.980469	61.621094
405906.332466	0.724068	329.980469	61.621094
405906.334467	0.721519	7.936707	-0.136970
405910.654670	0.465574	431.054687	32.617187
405910.656674	0.711907	431.054687	32.617187
405910.658672	0.723133	431.054687	32.617187
405910.660671	0.720959	7.930549	-0.007615
405925.236572	0.490888	464.453125	24.023437
405925.238574	0.717423	464.453125	24.023437
405925.240576	0.722847	464.453125	24.023437
405925.242576	0.722734	7.950072	-0.000545
405927.300752	0.455120	449.609375	25.878906
405927.302752	0.708851	449.609375	25.878906
405927.304753	0.722899	449.609375	25.878906
405927.306752	0.720713	7.927846	-0.011726
405929.200846	0.377485	343.066406	55.957031
405929.202847	0.678625	343.066406	55.957031
405929.204847	0.724315	343.066406	55.957031
405929.206849	0.722094	7.943035	-0.152900
405931.299020	0.551948	352.929687	51.953125
405931.301019	0.724298	352.929687	51.953125
405931.303021	0.723162	7.954787	-0.141130
405933.363117	0.504226	343.261719	56.347656
405933.365118	0.719551	343.261719	56.347656
405933.367118	0.722828	343.261719	56.347656
405933.369119	0.720720	7.927917	-0.151201
405937.689483	0.649568	442.968750	29.394531
405937.693482	0.720705	442.968750	29.394531
405937.695484	0.719120	7.910316	0.324870
405950.174931	0.714672	444.335937	32.714844
405950.176933	0.723643	444.335937	32.714844
405950.178933	0.721607	7.937674	-0.004721
405954.333880	0.373218	449.121094	31.933594
405954.335882	0.676035	449.121094	31.933594
405954.337883	0.723539	449.121094	31.933594
405954.339883	0.721160	7.932764	-0.013156
405956.399976	0.646719	433.789062	34.570312
405956.401978	0.724147	433.789062	34.570312
405956.403976	0.721593	7.937523	-0.019047
405958.334574	0.723470	341.894531	60.253906
405958.336576	0.722786	7.950648	-0.142179
405960.399164	0.724493	341.503906	60.351562
405960.401166	0.722344	7.945783	-0.147568
405962.493256	0.399502	343.359375	59.082031
405962.495259	0.688690	343.359375	59.082031
405962.497258	0.723422	343.359375	59.082031
405962.499259	0.721138	7.932516	-0.137195
405964.558250	0.504030	334.765625	63.085937
405964.560251	0.719867	334.765625	63.085937
405964.564251	0.721127	334.765625	63.085937
405964.566252	0.719721	7.916927	-0.151513
405968.886563	0.724031	444.238281	32.031250
405968.888565	0.721366	7.935024	0.292258
405970.949189	0.913097	431.347656	34.375000
405970.951192	0.674963	431.347656	34.375000
405970.953190	0.720914	7.930052	-0.022756
405975.109941	0.566320	436.718750	33.007812
405975.111943	0.724488	436.718750	33.007812
405975.113943	0.722661	7.949266	-0.017503
405977.206073	0.392572	458.007812	29.394531
405977.208074	0.685590	458.007812	29.394531
405977.210075	0.723619	458.007812	29.394531
405977.212074	0.721357	7.934926	-0.015132
405979.106159	0.312067	337.695312	61.328125
405979.108160	0.639905	337.695312	61.328125
405979.110162	0.724356	337.695312	61.328125
405979.112161	0.721767	7.939437	-0.147446
405981.172291	0.608894	328.515625	66.796875
405981.174293	0.616004	328.515625	66.796875
405981.178290	0.720212	7.922333	-0.172099
405983.270834	0.720992	341.015625	60.449219
405983.272835	0.723017	341.015625	60.449219
405983.274836	0.720966	7.930628	-0.154596
405995.917824	0.599394	447.363281	33.984375
405995.919826	0.724888	447.363281	33.984375
405995.921826	0.722394	7.946332	0.027331
405997.982460	0.634718	432.421875	37.304687
405997.984463	0.724422	432.421875	37.304687
405997.986462	0.721782	7.939597	-0.033171
406051.951146	0.606180	379.492187	54.394531
406051.953149	0.725336	379.492187	54.394531
406051.957146	0.721032	7.931355	-0.064754
406056.243512	0.570025	479.296875	30.566406
406056.245514	0.724572	479.296875	30.566406
406056.247515	0.722676	7.949434	-0.029156
406058.340045	0.465162	488.964844	29.003906
406058.344043	0.722652	488.964844	29.003906
406058.346045	0.720518	488.964844	29.003906
406058.350044	0.718139	7.899530	-0.002073
406060.242167	0.685356	359.082031	62.207031
406060.244168	0.723968	359.082031	62.207031
406060.246169	0.721694	7.938631	0.540025
406062.340303	0.724250	377.441406	54.882812
406062.342306	0.722814	377.441406	54.882812
406062.344305	0.720978	7.930761	-0.128614
406064.402408	0.512360	368.066406	58.886719
406064.404406	0.721362	368.066406	58.886719
406064.406406	0.723523	368.066406	58.886719
406064.408405	0.721612	7.937727	-0.180072
406068.728734	0.652718	485.839844	29.980469
406068.730736	0.724228	485.839844	29.980469
406068.732734	0.721745	7.939198	-0.006189
406070.791415	0.385317	462.988281	34.277344
406070.793417	0.682028	462.988281	34.277344
406070.795418	0.723283	462.988281	34.277344
406070.797416	0.720844	7.929281	-0.025087
