time (s)	coil I (A)	last det (V)	int current (uC)
408218.833194	0.554663	60.156250	-538.964844
408218.835195	0.830797	60.156250	-538.964844
408218.837195	0.862763	60.156250	-538.964844
408218.839196	0.860286	9.463142	0.049164
408219.849261	0.596428	306.542969	35.058594
408219.851263	0.845869	306.542969	35.058594
408219.853263	0.861481	306.542969	35.058594
408219.855263	0.859255	9.451807	0.039410
408220.931321	0.714158	53.906250	-575.488281
408220.933324	0.864357	53.906250	-575.488281
408220.935323	0.861904	9.480947	0.034557
408221.945844	0.504906	305.078125	35.742187
408221.947847	0.806330	305.078125	35.742187
408221.949845	0.865779	305.078125	35.742187
408221.951846	0.862960	9.492565	0.029205
408222.994770	0.562245	60.742187	-519.335937
408222.996772	0.836247	60.742187	-519.335937
408222.998771	0.865916	60.742187	-519.335937
408223.000772	0.863445	9.497900	0.041678
408224.041692	0.283737	293.261719	37.011719
408224.043693	0.295958	293.261719	37.011719
408224.045694	0.854760	293.261719	37.011719
408224.047694	0.864577	293.261719	37.011719
408224.051692	0.860722	9.467937	0.029564
408225.095685	0.865370	52.050781	-571.484375
408225.097686	0.862727	9.489995	0.037039
408226.107728	0.559853	296.582031	36.328125
408226.109730	0.835445	296.582031	36.328125
408226.111729	0.866345	296.582031	36.328125
408226.113730	0.863977	9.503749	0.041011
408227.157773	0.785501	56.738281	-535.937500
408227.159775	0.866289	56.738281	-535.937500
408227.161776	0.863379	9.497173	0.045670
408228.205773	0.706385	279.785156	36.230469
408228.207774	0.866337	279.785156	36.230469
408228.209776	0.864407	9.508473	0.622131
408229.255737	0.851402	50.585937	-581.054687
408229.257739	0.864882	50.585937	-581.054687
408229.259740	0.862556	9.488116	0.144280
408230.268333	0.406769	313.574219	33.105469
408230.270341	0.735381	313.574219	33.105469
408230.272338	0.869722	313.574219	33.105469
408230.274343	0.866824	9.535069	0.037161
408231.320353	0.860577	51.464844	-578.417969
408231.322354	0.864881	51.464844	-578.417969
408231.324357	0.862725	9.489977	0.335870
408232.366372	0.553144	291.601562	33.886719
408232.368374	0.832988	291.601562	33.886719
408232.370374	0.866749	291.601562	33.886719
408232.372375	0.864388	9.508269	0.029270
408233.414934	0.551964	47.363281	-607.421875
408233.418935	0.867606	47.363281	-607.421875
408233.420936	0.865145	47.363281	-607.421875
408233.422936	0.863611	9.499717	0.038855
408234.431002	0.595590	307.910156	32.421875
408234.433004	0.849756	307.910156	32.421875
408234.435002	0.866849	307.910156	32.421875
408234.437003	0.864603	9.510635	0.079812
408235.482029	0.867755	58.496094	-547.753906
408235.484032	0.868264	58.496094	-547.753906
408235.486030	0.866123	9.527349	0.436667
408236.528047	0.579662	287.792969	33.691406
408236.530049	0.846137	287.792969	33.691406
408236.532050	0.869759	287.792969	33.691406
408236.534048	0.867153	9.538685	0.028418
408237.576629	0.579914	54.296875	-583.300781
408237.578631	0.845484	54.296875	-583.300781
408237.580632	0.868541	54.296875	-583.300781
408237.582634	0.866089	9.526978	0.041568
408238.591267	0.385375	290.820312	34.082031
408238.593268	0.716983	290.820312	34.082031
408238.595269	0.870461	290.820312	34.082031
408238.597270	0.868060	9.548655	0.032996
408239.639290	0.287509	59.472656	-557.714844
408239.641293	0.623982	59.472656	-557.714844
408239.643293	0.857374	59.472656	-557.714844
408239.645293	0.866328	59.472656	-557.714844
408239.647294	0.864105	9.505150	0.055366
408240.691338	0.823999	282.324219	34.765625
408240.693339	0.866295	282.324219	34.765625
408240.695341	0.863783	9.501614	0.027551
408241.737357	0.445445	54.199219	-589.160156
408241.739361	0.766353	54.199219	-589.160156
408241.741361	0.867545	54.199219	-589.160156
408241.743362	0.864648	9.511123	0.046516
408242.753374	0.480403	291.796875	34.375000
408242.755377	0.792736	291.796875	34.375000
408242.757376	0.869198	291.796875	34.375000
408242.759377	0.866249	9.528741	0.041380
408243.803437	0.724534	60.449219	-556.152344
408243.807438	0.866625	60.449219	-556.152344
408243.809439	0.864747	9.512221	0.060804
408244.849964	1.188486	284.472656	34.375000
408244.851966	0.717046	284.472656	34.375000
408244.853965	0.868491	284.472656	34.375000
408244.855967	0.866084	9.526924	0.031915
408245.899978	0.622386	53.417969	-593.554687
408245.901981	0.855627	53.417969	-593.554687
408245.903979	0.864815	53.417969	-593.554687
408245.905982	0.862476	9.487239	0.218209
408246.915973	0.655135	306.445312	33.496094
408246.917976	0.861269	306.445312	33.496094
408246.919976	0.863716	306.445312	33.496094
408246.921977	0.861476	9.476240	0.041094
408247.963998	0.562600	57.910156	-569.238281
408247.965999	0.836084	57.910156	-569.238281
408247.968002	0.865464	57.910156	-569.238281
408247.970003	0.865241	9.517646	0.059270
408249.013981	0.779219	289.355469	34.765625
408249.015984	0.865289	289.355469	34.765625
408249.017983	0.862297	9.485262	0.032089
408250.062555	0.778531	53.222656	-588.085937
408250.064557	0.864832	53.222656	-588.085937
408250.066558	0.861772	9.479493	0.046478
408251.077097	0.582674	292.675781	34.863281
408251.079101	0.842948	292.675781	34.863281
408251.081100	0.863729	292.675781	34.863281
408251.083106	0.861237	9.473609	0.041274
408252.125142	0.498703	54.687500	-579.199219
408252.127144	0.801642	54.687500	-579.199219
408252.129142	0.864360	54.687500	-579.199219
408252.131143	0.861418	9.475595	0.056926
408253.175150	0.732355	286.816406	35.644531
408253.177151	0.866289	286.816406	35.644531
408253.179152	0.863540	9.498938	0.035693
408254.223176	0.645241	51.074219	-595.019531
408254.225177	0.861401	51.074219	-595.019531
408254.227178	0.865662	51.074219	-595.019531
408254.229179	0.863506	9.498565	0.043627
408255.237219	0.351926	310.253906	36.230469
408255.239221	0.682904	310.253906	36.230469
408255.241222	0.863682	310.253906	36.230469
408255.243222	0.862917	9.492086	0.048383
408256.289209	0.841307	57.226562	-565.039062
408256.291212	0.861154	57.226562	-565.039062
408256.295211	0.857306	9.430361	0.055688
408257.337737	0.839008	285.156250	38.769531
408257.339739	0.861874	285.156250	38.769531
408257.341738	0.859584	9.455423	0.036334
408258.384270	0.570181	55.957031	-576.855469
408258.386273	0.835666	55.957031	-576.855469
408258.388271	0.860163	55.957031	-576.855469
408258.390271	0.857752	9.435270	0.045871
408259.399190	0.423930	291.308594	39.746094
408259.401191	0.746660	291.308594	39.746094
408259.403192	0.862272	291.308594	39.746094
408259.405190	0.859483	9.454315	0.053558
408260.449229	0.663048	61.523437	-550.292969
408260.451230	0.860688	61.523437	-550.292969
408260.453228	0.861432	61.523437	-550.292969
408260.455229	0.859475	9.454227	0.441075
408261.498198	0.725754	269.726562	41.308594
408261.500201	0.864001	269.726562	41.308594
408261.502201	0.861237	9.473609	0.039384
408262.544628	0.373810	57.812500	-578.027344
408262.546632	0.703400	57.812500	-578.027344
408262.548631	0.863577	57.812500	-578.027344
408262.550632	0.861474	9.476214	0.051322
408263.560708	0.420508	286.523437	40.332031
408263.564710	0.868908	286.523437	40.332031
408263.566712	0.865887	286.523437	40.332031
408263.568711	0.864071	9.504777	0.052761
408264.608706	0.323565	62.890625	-561.035156
408264.610709	0.658068	62.890625	-561.035156
408264.612721	0.866497	62.890625	-561.035156
408264.614721	0.868510	62.890625	-561.035156
408264.616720	0.866338	9.529716	0.062668
408265.658789	0.573671	274.609375	41.406250
408265.660791	0.840466	274.609375	41.406250
408265.662791	0.865329	274.609375	41.406250
408265.664792	0.862953	9.492486	0.036719
408266.706815	0.483716	59.472656	-582.519531
408266.708815	0.792525	59.472656	-582.519531
408266.710819	0.865185	59.472656	-582.519531
408266.712817	0.862257	9.484828	0.050556
408267.722849	0.803939	282.714844	40.332031
408267.724852	0.813013	282.714844	40.332031
408267.726851	0.863520	282.714844	40.332031
408267.728853	0.860885	9.469736	0.046872
408268.804943	0.642538	53.808594	-607.910156
408268.806945	0.856645	53.808594	-607.910156
408268.808945	0.860693	53.808594	-607.910156
408268.810944	0.858698	9.445683	0.040390
408269.821007	0.684611	278.808594	40.136719
408269.823008	0.862293	278.808594	40.136719
408269.825011	0.861153	9.472687	0.032523
408270.867578	0.353173	64.453125	-569.238281
408270.869580	0.684087	64.453125	-569.238281
408270.871580	0.861583	64.453125	-569.238281
408270.873580	0.860489	9.465376	0.053875
408271.883568	1.263505	289.843750	39.453125
408271.885568	0.712639	289.843750	39.453125
408271.887567	0.863930	289.843750	39.453125
408271.889570	0.861444	9.475886	0.052552
408272.965612	0.501000	53.710937	-610.742187
408272.967612	0.805195	53.710937	-610.742187
408272.969612	0.866717	53.710937	-610.742187
408272.971612	0.863981	9.503794	0.044267
408273.981639	0.540336	282.910156	38.964844
408273.983641	0.829974	282.910156	38.964844
408273.985640	0.871912	282.910156	38.964844
408273.987641	0.869222	9.561443	0.037296
408275.032574	0.853209	61.425781	-583.300781
408275.034575	0.869933	61.425781	-583.300781
408275.036576	0.867454	9.541999	0.108293
408276.079089	0.587559	268.164062	39.355469
408276.081092	0.847492	268.164062	39.355469
408276.085090	0.865124	268.164062	39.355469
408276.087092	0.863562	9.499177	0.031537
408277.129111	0.807502	53.320312	-608.886719
408277.131111	0.872960	53.320312	-608.886719
408277.133111	0.870191	9.572104	0.050443
408278.143113	0.532780	273.437500	38.671875
408278.145115	0.827521	273.437500	38.671875
408278.147114	0.874114	273.437500	38.671875
408278.149114	0.871561	9.587171	0.040389
408279.195203	0.876041	58.398437	-590.722656
408279.197205	0.872968	9.602653	0.058009
408280.241754	0.771337	268.261719	38.769531
408280.243754	0.877123	268.261719	38.769531
408280.245755	0.874009	9.614094	0.027704
408281.288317	0.443592	54.589844	-603.710937
408281.290319	0.769244	54.589844	-603.710937
408281.292319	0.876646	54.589844	-603.710937
408281.294320	0.873486	9.608351	0.045212
408282.307250	0.865602	268.066406	39.453125
408282.309254	0.873723	268.066406	39.453125
408282.311254	0.871629	9.587914	0.238076
408283.353235	0.535079	58.593750	-589.843750
408283.355238	0.829055	58.593750	-589.843750
408283.357238	0.874860	58.593750	-589.843750
408283.359238	0.872305	9.595360	0.057502
408284.401804	0.533701	268.750000	39.355469
408284.403804	0.828209	268.750000	39.355469
408284.405805	0.874518	268.750000	39.355469
408284.407804	0.871934	9.591273	0.028250
408285.452713	0.853023	53.027344	-609.375000
408285.454713	0.875138	53.027344	-609.375000
408285.456713	0.872679	9.599471	0.045810
408286.465243	0.373724	272.851562	39.746094
408286.467246	0.709137	272.851562	39.746094
408286.469245	0.876293	272.851562	39.746094
408286.471246	0.874336	9.617701	0.042976
408287.513292	0.282360	61.230469	-583.691406
408287.515293	0.622407	61.230469	-583.691406
408287.517294	0.863942	61.230469	-583.691406
408287.519294	0.874928	61.230469	-583.691406
408287.521294	0.872606	9.598664	0.063557
408288.565249	0.820726	268.847656	40.039062
408288.567251	0.875701	268.847656	40.039062
408288.569252	0.872994	9.602936	0.031754
408289.611244	0.422510	51.660156	-613.964844
408289.613246	0.752481	51.660156	-613.964844
408289.615246	0.758395	51.660156	-613.964844
408289.617245	0.874712	9.621831	0.050802
408290.629222	0.775005	281.933594	39.648437
408290.631225	0.876332	281.933594	39.648437
408290.633228	0.873288	9.606171	0.043682
408291.676182	0.513237	63.671875	-579.882812
408291.678182	0.817117	63.671875	-579.882812
408291.680182	0.875480	63.671875	-579.882812
408291.682182	0.872757	9.600322	0.063039
408292.727136	0.848806	264.355469	41.503906
408292.729138	0.874720	264.355469	41.503906
408292.733137	0.870771	9.578476	0.032442
408293.775724	0.849172	53.027344	-612.207031
408293.777726	0.874364	53.027344	-612.207031
408293.779731	0.872020	9.592222	0.048988
408294.788164	0.349613	281.542969	41.699219
408294.792165	0.874444	281.542969	41.699219
408294.794167	0.874083	281.542969	41.699219
408294.796168	0.872088	9.592966	0.043910
408295.840189	0.854661	59.375000	-596.972656
408295.842192	0.874257	59.375000	-596.972656
408295.844191	0.871960	9.591558	0.085485
408296.886686	1.723036	254.199219	44.140625
408296.888688	0.849880	254.199219	44.140625
408296.890688	0.875339	254.199219	44.140625
408296.892688	0.872881	9.601687	0.034134
408297.934745	0.494456	58.886719	-598.046875
408297.940747	0.872910	58.886719	-598.046875
408297.942748	0.871297	58.886719	-598.046875
408297.944748	0.870073	9.570801	0.050487
408298.950798	0.533916	278.808594	44.042969
408298.952799	0.828933	278.808594	44.042969
408298.954801	0.875621	278.808594	44.042969
408298.956801	0.872928	9.602209	0.043712
408299.999768	0.601671	66.992187	-570.214844
408300.001768	0.858103	66.992187	-570.214844
408300.003767	0.875354	66.992187	-570.214844
408300.005770	0.872983	9.602812	0.108237
408301.049791	0.815894	262.988281	45.312500
408301.051793	0.877024	262.988281	45.312500
408301.053792	0.874145	9.615591	0.035436
408302.097772	0.740212	55.566406	-603.027344
408302.099774	0.877354	55.566406	-603.027344
408302.101774	0.874515	9.619668	0.051986
408303.111828	0.451843	278.710937	45.800781
408303.113831	0.776074	278.710937	45.800781
408303.115829	0.877617	278.710937	45.800781
408303.117830	0.874498	9.619482	0.048669
408304.157331	2.194100	66.992187	-566.601562
408304.162575	0.796690	66.992187	-566.601562
408304.164577	0.876603	66.992187	-566.601562
408304.166578	0.873571	9.609282	0.068431
408305.210632	0.725872	248.437500	47.558594
408305.212635	0.877880	248.437500	47.558594
408305.214633	0.875510	9.630605	0.687830
408306.256636	0.291245	57.031250	-596.582031
408306.258636	0.631254	57.031250	-596.582031
408306.260638	0.866687	57.031250	-596.582031
408306.262636	0.875587	57.031250	-596.582031
408306.264637	0.873146	9.604611	0.053923
408307.272656	0.330267	281.054687	45.996094
408307.274666	0.668308	281.054687	45.996094
408307.276661	0.875442	281.054687	45.996094
408307.278661	0.876484	281.054687	45.996094
408307.280662	0.875219	9.627405	0.054928
408308.322691	0.576814	62.792969	-575.683594
408308.324693	0.849462	62.792969	-575.683594
408308.326692	0.876101	62.792969	-575.683594
408308.328693	0.873551	9.609060	0.063414
408309.372710	0.799448	249.902344	47.558594
408309.376710	0.873519	249.902344	47.558594
408309.378712	0.871885	9.590733	0.044913
408310.418752	0.391963	52.343750	-605.761719
408310.420752	0.726094	52.343750	-605.761719
408310.422753	0.877402	52.343750	-605.761719
408310.424752	0.874863	9.623497	0.049639
408311.434739	0.422379	267.578125	46.093750
408311.436739	0.752642	267.578125	46.093750
408311.438739	0.878567	267.578125	46.093750
408311.440739	0.875605	9.631650	0.057665
408312.484813	0.667195	58.398437	-587.890625
408312.486816	0.873448	58.398437	-587.890625
408312.488815	0.874494	58.398437	-587.890625
408312.490814	0.872413	9.596547	0.066127
408313.531397	0.336280	253.515625	46.191406
408313.537408	0.874796	253.515625	46.191406
408313.539411	0.872719	253.515625	46.191406
408313.541412	0.871396	9.585354	0.044682
408314.583453	0.852605	50.976562	-607.128906
408314.585455	0.875464	50.976562	-607.128906
408314.587455	0.873025	9.603273	0.047695
408315.595965	0.368984	270.996094	44.628906
408315.597967	0.705005	270.996094	44.628906
408315.601966	0.874960	270.996094	44.628906
408315.603966	0.872878	9.601660	0.057521
408316.643980	0.269196	54.882812	-597.265625
408316.645983	0.610219	54.882812	-597.265625
408316.647982	0.860602	54.882812	-597.265625
408316.649981	0.875004	54.882812	-597.265625
408316.651983	0.872625	9.598878	0.068765
408317.694026	0.523503	262.207031	44.531250
408317.696027	0.823491	262.207031	44.531250
408317.698029	0.876098	262.207031	44.531250
408317.700027	0.873343	9.606773	0.045068
408318.744038	0.757178	51.269531	-605.566406
408318.746043	0.878047	51.269531	-605.566406
408318.748048	0.874969	9.624658	0.050742
408319.790566	0.420224	254.394531	45.019531
408319.792569	0.750701	254.394531	45.019531
408319.794569	0.878134	254.394531	45.019531
408319.796573	0.875222	9.627440	0.035680
408320.807501	0.609134	56.445312	-595.117187
408320.809503	0.860562	56.445312	-595.117187
408320.811502	0.875606	56.445312	-595.117187
408320.813502	0.873224	9.605462	0.148809
408321.855540	0.519461	262.207031	44.726562
408321.857542	0.821084	262.207031	44.726562
408321.859543	0.875956	262.207031	44.726562
408321.861543	0.873149	9.604638	0.046667
408322.903535	0.422214	52.832031	-602.734375
408322.905537	0.752309	52.832031	-602.734375
408322.909536	0.874970	52.832031	-602.734375
408322.911537	0.873118	9.604301	0.058330
408323.951551	0.323722	247.851562	45.507812
408323.953552	0.661956	247.851562	45.507812
408323.955551	0.872822	247.851562	45.507812
408323.957551	0.875498	247.851562	45.507812
408323.961550	0.871937	9.591309	0.036538
408324.969552	0.694856	55.468750	-595.898437
408324.971553	0.875622	55.468750	-595.898437
408324.973552	0.874636	9.620998	0.072490
408326.017593	0.605622	258.984375	44.726562
408326.019594	0.859264	258.984375	44.726562
408326.021597	0.875249	258.984375	44.726562
408326.023597	0.872898	9.601882	0.110957
408327.065636	0.517099	51.074219	-603.710937
408327.067640	0.819523	51.074219	-603.710937
408327.069638	0.822315	51.074219	-603.710937
408327.071639	0.872873	9.601598	0.059640
408328.113672	0.427629	247.460937	45.507812
408328.115676	0.756887	247.460937	45.507812
408328.117676	0.878021	247.460937	45.507812
408328.119677	0.874890	9.623789	0.040884
408329.129691	0.462726	57.617187	-590.332031
408329.131702	0.784025	57.617187	-590.332031
408329.133706	0.877061	57.617187	-590.332031
408329.135712	0.873910	9.613012	0.078523
408330.177725	0.369971	268.457031	44.628906
408330.179727	0.705599	268.457031	44.628906
408330.183726	0.874336	268.457031	44.628906
408330.185727	0.872425	9.596680	0.049373
408331.227752	0.610682	49.609375	-605.273437
408331.233751	0.872075	49.609375	-605.273437
408331.235754	0.870584	49.609375	-605.273437
408331.237753	0.869306	9.562365	0.144974
408332.275817	0.528085	248.925781	46.289062
408332.277824	0.825479	248.925781	46.289062
408332.279828	0.875186	248.925781	46.289062
408332.281828	0.872616	9.598771	0.038168
408333.291855	0.565321	54.589844	-595.019531
408333.293858	0.843737	54.589844	-595.019531
408333.295864	0.874788	54.589844	-595.019531
408333.297869	0.872373	9.596104	0.073357
408334.341875	0.792005	263.281250	45.410156
408334.343875	0.875873	263.281250	45.410156
408334.345877	0.872841	9.601253	0.047662
408335.390481	0.795439	53.320312	-598.242187
408335.392484	0.875855	53.320312	-598.242187
408335.394483	0.872933	9.602262	0.057512
408336.439053	0.793882	249.218750	47.070312
408336.441054	0.875356	249.218750	47.070312
408336.443054	0.872429	9.596715	0.040612
408337.451622	0.263390	55.859375	-592.871094
408337.453624	0.604121	55.859375	-592.871094
408337.455624	0.857654	55.859375	-592.871094
408337.457625	0.873785	55.859375	-592.871094
408337.459623	0.871548	9.587029	0.076273
408338.503661	0.818075	261.718750	47.460937
408338.505661	0.874955	261.718750	47.460937
408338.507663	0.872243	9.594667	0.052703
408339.550176	0.505179	56.445312	-592.187500
408339.552179	0.811851	56.445312	-592.187500
408339.554179	0.875043	56.445312	-592.187500
408339.556180	0.872278	9.595057	0.062196
408340.602154	0.875294	249.902344	49.609375
408340.604156	0.872570	9.598266	0.042085
408341.648691	0.730745	49.804687	-602.246094
408341.650691	0.875558	49.804687	-602.246094
408341.652691	0.872850	9.601350	0.048485
408342.663245	0.523212	258.691406	49.902344
408342.665247	0.821872	258.691406	49.902344
408342.667246	0.873785	258.691406	49.902344
408342.669245	0.871142	9.582561	0.058678
408343.711239	0.426130	57.421875	-590.136719
408343.713242	0.754363	57.421875	-590.136719
408343.715240	0.875227	57.421875	-590.136719
408343.717242	0.872369	9.596059	0.064138
408344.759270	0.332990	244.726562	51.855469
408344.761294	0.669633	244.726562	51.855469
408344.763299	0.872346	244.726562	51.855469
408344.765299	0.873262	244.726562	51.855469
408344.767298	0.871290	9.584192	0.044938
408345.811907	0.872086	52.929687	-596.582031
408345.813909	0.872318	52.929687	-596.582031
408345.815909	0.870228	9.572512	0.051136
408346.824468	0.469850	244.824219	52.246094
408346.826469	0.787326	244.824219	52.246094
408346.828469	0.873319	244.824219	52.246094
408346.830469	0.870365	9.574010	0.058153
408347.872954	0.456043	60.839844	-583.105469
408347.874955	0.777102	60.839844	-583.105469
408347.876954	0.873239	60.839844	-583.105469
408347.878955	0.870257	9.572822	0.067200
408348.921013	0.368663	239.550781	53.027344
408348.923012	0.702376	239.550781	53.027344
408348.925014	0.871968	239.550781	53.027344
408348.927013	0.870396	9.574355	0.046127
408349.973039	0.855824	56.152344	-589.941406
408349.975041	0.869723	56.152344	-589.941406
408349.977041	0.867234	9.539571	0.149356
408350.985565	0.396777	249.902344	51.953125
408350.987568	0.727876	249.902344	51.953125
408350.989568	0.872090	249.902344	51.953125
408350.991566	0.869529	9.564819	0.055593
408352.035617	0.642066	66.113281	-572.558594
408352.037619	0.864602	66.113281	-572.558594
408352.039619	0.870204	66.113281	-572.558594
408352.041620	0.867809	9.545898	0.319500
408353.083599	0.543583	229.199219	52.832031
408353.087600	0.872333	229.199219	52.832031
408353.089599	0.869704	229.199219	52.832031
408353.091601	0.867924	9.547166	0.040390
408354.131646	0.457474	57.421875	-586.523437
408354.133647	0.778395	57.421875	-586.523437
408354.135647	0.873877	57.421875	-586.523437
408354.137647	0.870962	9.580577	0.055524
408355.147684	0.493704	244.238281	51.464844
408355.149688	0.803379	244.238281	51.464844
408355.151688	0.873110	244.238281	51.464844
408355.153686	0.870427	9.574692	0.053969
408356.195741	0.406441	64.648437	-574.609375
408356.197741	0.737666	64.648437	-574.609375
408356.199741	0.875364	64.648437	-574.609375
408356.201743	0.872733	9.600065	0.075058
408357.245761	0.648537	241.210937	51.660156
408357.247763	0.868972	241.210937	51.660156
408357.249762	0.873725	241.210937	51.660156
408357.251762	0.871530	9.586833	0.313619
408358.294726	0.712370	54.101562	-587.988281
408358.296727	0.874957	54.101562	-587.988281
408358.298727	0.872946	9.602405	0.054821
408359.308745	0.415448	258.691406	50.683594
408359.310748	0.745894	258.691406	50.683594
408359.312749	0.876308	258.691406	50.683594
408359.314749	0.873408	9.607483	0.051927
408360.356731	0.311023	64.746094	-573.925781
408360.358732	0.649214	64.746094	-573.925781
408360.360733	0.869048	64.746094	-573.925781
408360.362734	0.873661	64.746094	-573.925781
408360.364732	0.871607	9.587675	0.079972
408361.406838	0.571112	236.523437	51.269531
408361.408840	0.846008	236.523437	51.269531
408361.410840	0.874464	236.523437	51.269531
408361.412839	0.872064	9.592701	0.042072
408362.458845	0.875598	59.277344	-581.542969
408362.460845	0.872624	9.598868	0.060342
408363.471427	0.606082	249.023437	50.781250
408363.473427	0.858780	249.023437	50.781250
408363.475428	0.874432	249.023437	50.781250
408363.477427	0.872124	9.593365	0.124826
408364.519439	0.513322	65.722656	-571.582031
408364.521441	0.816701	65.722656	-571.582031
408364.523441	0.874819	65.722656	-571.582031
408364.525440	0.872139	9.593534	0.079119
408365.567939	0.499674	241.503906	50.683594
408365.569940	0.808402	241.503906	50.683594
408365.571940	0.875099	241.503906	50.683594
408365.573940	0.872363	9.595988	0.048125
408366.616537	0.503171	52.832031	-585.644531
408366.618541	0.516048	52.832031	-585.644531
408366.622537	0.872082	52.832031	-585.644531
408366.624542	0.870393	9.574320	0.066915
408367.632550	0.538313	256.738281	50.292969
408367.634552	0.830323	256.738281	50.292969
408367.636553	0.874187	256.738281	50.292969
408367.638552	0.871694	9.588633	0.057268
408368.681514	0.602081	59.863281	-578.125000
408368.683516	0.857019	59.863281	-578.125000
408368.685515	0.873719	59.863281	-578.125000
408368.687516	0.871482	9.586302	0.084011
408369.729568	0.517246	240.332031	51.757812
408369.731570	0.818937	240.332031	51.757812
408369.733569	0.874817	240.332031	51.757812
408369.735570	0.872135	9.593490	0.049759
408370.779664	0.763511	53.515625	-583.496094
408370.783664	0.872828	53.515625	-583.496094
408370.785666	0.871115	9.582270	0.062574
408371.795666	0.787619	243.457031	51.660156
408371.797668	0.875035	243.457031	51.660156
408371.799668	0.872114	9.593259	0.058811
408372.844135	0.774847	65.625000	-568.847656
408372.846137	0.875423	65.625000	-568.847656
408372.848136	0.872403	9.596432	0.082891
408373.892700	0.772343	242.382812	51.953125
408373.894702	0.875346	242.382812	51.953125
408373.896702	0.872369	9.596059	0.044418
408374.939202	0.437158	60.449219	-574.902344
408374.941204	0.764079	60.449219	-574.902344
408374.943204	0.877965	60.449219	-574.902344
408374.945203	0.874969	9.624658	0.064639
408375.954151	0.286321	248.046875	52.246094
408375.956151	0.625771	248.046875	52.246094
408375.958150	0.863698	248.046875	52.246094
408375.960150	0.873519	248.046875	52.246094
408375.962151	0.871333	9.584662	0.064280
408377.004198	0.537246	64.941406	-568.261719
408377.008205	0.874233	64.941406	-568.261719
408377.010207	0.871723	64.941406	-568.261719
408377.012207	0.870113	9.571244	0.086242
408378.052247	0.449993	239.062500	52.734375
408378.054250	0.773754	239.062500	52.734375
408378.056251	0.875846	239.062500	52.734375
408378.058250	0.872826	9.601084	0.046281
408379.104280	0.873887	60.253906	-571.972656
408379.106281	0.872937	60.253906	-571.972656
408379.108282	0.870922	9.580142	0.066446
408380.118843	0.799011	257.421875	52.832031
408380.120844	0.874722	257.421875	52.832031
408380.122846	0.871834	9.590175	0.061497
408381.202931	0.873457	54.589844	-575.585937
408381.204931	0.871210	54.589844	-575.585937
408381.206931	0.869628	9.565909	0.055390
408382.215484	0.731951	228.320312	54.882812
408382.217485	0.876281	228.320312	54.882812
408382.219485	0.873623	9.609858	0.721003
408383.261531	0.306184	59.667969	-570.019531
408383.263533	0.644669	59.667969	-570.019531
408383.265533	0.869143	59.667969	-570.019531
408383.267533	0.874930	59.667969	-570.019531
408383.271531	0.871293	9.584219	0.070327
408384.279545	0.679843	240.527344	55.273437
408384.281547	0.873539	240.527344	55.273437
408384.283549	0.873731	9.611045	0.485861
408385.361484	0.771195	51.660156	-575.097656
408385.363487	0.875238	51.660156	-575.097656
408385.365487	0.872286	9.595146	0.054227
408386.375533	0.486563	230.175781	55.664062
408386.377536	0.799913	230.175781	55.664062
408386.379535	0.875124	230.175781	55.664062
408386.381535	0.872316	9.595474	0.051244
408387.427606	0.875698	61.914062	-566.015625
408387.429607	0.873084	61.914062	-566.015625
408387.431609	0.871322	9.584547	0.074431
408388.475614	0.867629	226.660156	56.542969
408388.477616	0.873622	226.660156	56.542969
408388.479616	0.871504	9.586541	0.042534
408389.522206	0.643222	55.761719	-570.605469
408389.524208	0.868004	55.761719	-570.605469
408389.526208	0.873884	55.761719	-570.605469
408389.528209	0.871789	9.589678	0.304353
408390.536169	0.331626	229.980469	56.347656
408390.538201	0.668936	229.980469	56.347656
408390.540201	0.872874	229.980469	56.347656
408390.542202	0.873761	229.980469	56.347656
408390.546199	0.870311	9.573424	0.053942
408391.586230	0.583340	58.593750	-568.750000
408391.588233	0.850595	58.593750	-568.750000
408391.592233	0.871636	58.593750	-568.750000
408391.594234	0.870030	9.570332	0.068083
408392.636309	0.808917	218.066406	58.105469
408392.638311	0.875055	218.066406	58.105469
408392.640311	0.872275	9.595022	0.043117
408393.682324	0.408212	52.050781	-572.949219
408393.686324	0.876738	52.050781	-572.949219
408393.688327	0.873815	52.050781	-572.949219
408393.690327	0.871959	9.591548	0.055297
408394.698399	0.452915	240.136719	57.714844
408394.700400	0.776083	240.136719	57.714844
408394.702402	0.875948	240.136719	57.714844
408394.704401	0.872955	9.602502	0.056346
408395.744822	2.915032	58.105469	-568.554687
408395.750171	0.870050	58.105469	-568.554687
408395.752174	0.874108	58.105469	-568.554687
408395.754172	0.871961	9.591566	0.065518
408396.796677	0.639535	229.199219	58.593750
408396.798680	0.866783	229.199219	58.593750
408396.800678	0.873393	229.199219	58.593750
408396.802679	0.871281	9.584086	0.264869
408397.844694	0.546048	51.855469	-573.242187
408397.846694	0.834304	51.855469	-573.242187
408397.850694	0.871633	51.855469	-573.242187
408397.852696	0.871585	9.587437	0.053499
408398.859246	0.335193	232.226562	58.300781
408398.861250	0.672349	232.226562	58.300781
408398.863253	0.872402	232.226562	58.300781
408398.865255	0.873325	232.226562	58.300781
408398.867255	0.871255	9.583803	0.062761
408399.909295	0.581548	53.515625	-572.167969
408399.911294	0.850073	53.515625	-572.167969
408399.913295	0.874313	53.515625	-572.167969
408399.915295	0.871990	9.591893	0.066040
408400.957278	0.484498	227.050781	58.203125
408400.959278	0.798464	227.050781	58.203125
408400.961279	0.875169	227.050781	58.203125
408400.963279	0.872286	9.595146	0.051489
408402.007364	0.734472	47.265625	-574.804687
408402.009367	0.875312	47.265625	-574.804687
408402.011367	0.872632	9.598948	0.055405
408403.021991	0.539245	233.984375	57.812500
408403.025990	0.873943	233.984375	57.812500
408403.027991	0.871488	233.984375	57.812500
408403.029991	0.869824	9.568064	0.066446
408404.069996	0.444293	54.687500	-568.847656
408404.071998	0.769410	54.687500	-568.847656
408404.074000	0.876458	54.687500	-568.847656
408404.076005	0.873366	9.607022	0.072564
408405.118584	0.445827	232.324219	57.421875
408405.120587	0.770598	232.324219	57.421875
408405.122585	0.876317	232.324219	57.421875
408405.124586	0.873279	9.606065	0.056186
408406.167119	0.438028	41.113281	-574.511719
408406.169121	0.764935	41.113281	-574.511719
408406.171122	0.878733	41.113281	-574.511719
408406.173120	0.875819	9.634007	0.053741
408407.183125	0.472052	235.546875	56.835937
408407.185127	0.789744	235.546875	56.835937
408407.187129	0.874736	235.546875	56.835937
408407.189129	0.871980	9.591779	0.067821
408408.231192	0.384040	47.070312	-571.289062
408408.233193	0.717936	47.070312	-571.289062
408408.235194	0.875049	47.070312	-571.289062
408408.237194	0.872844	9.601279	0.072803
408409.279675	0.368264	230.078125	56.640625
408409.281676	0.703362	230.078125	56.640625
408409.283677	0.874692	230.078125	56.640625
408409.285677	0.873097	9.604071	0.052109
408410.327712	0.275462	46.679687	-569.433594
408410.329718	0.615337	46.679687	-569.433594
408410.333720	0.873611	46.679687	-569.433594
408410.335720	0.871347	46.679687	-569.433594
408410.337721	0.869782	9.567602	0.056571
408411.344250	0.401570	237.792969	56.054687
408411.348250	0.877951	237.792969	56.054687
408411.350253	0.875410	237.792969	56.054687
408411.354251	0.872103	9.593135	0.069384
408412.392277	0.305454	50.000000	-566.308594
408412.394278	0.643917	50.000000	-566.308594
408412.396282	0.867749	50.000000	-566.308594
408412.398281	0.873194	50.000000	-566.308594
408412.400282	0.871120	9.582322	0.073809
408413.444296	0.836576	233.300781	56.445312
408413.446298	0.873620	233.300781	56.445312
408413.448299	0.871202	9.583226	0.049736
408414.491241	0.613668	46.484375	-566.503906
408414.493243	0.860332	46.484375	-566.503906
408414.495242	0.873446	46.484375	-566.503906
408414.497244	0.871176	9.582934	0.061962
408415.506191	0.470034	238.281250	56.152344
408415.508191	0.788018	238.281250	56.152344
408415.510193	0.874128	238.281250	56.152344
408415.512194	0.871262	9.583882	0.072333
408416.556217	0.711683	53.417969	-560.937500
408416.558218	0.875268	53.417969	-560.937500
408416.560219	0.873321	9.606525	0.079228
408417.604833	0.717578	233.886719	56.640625
408417.606837	0.874145	233.886719	56.640625
408417.608835	0.872038	9.592417	0.054073
408418.651431	0.387995	45.507812	-563.574219
408418.653433	0.721450	45.507812	-563.574219
408418.657430	0.872352	45.507812	-563.574219
408418.659434	0.870383	9.574213	0.058142
408419.667985	0.512048	234.472656	56.933594
408419.669987	0.815155	234.472656	56.933594
408419.671986	0.873417	234.472656	56.933594
408419.673986	0.870746	9.578201	0.072778
408420.718015	0.750553	54.199219	-558.789062
408420.720018	0.874496	54.199219	-558.789062
408420.722017	0.871668	9.588349	0.077835
408421.766576	0.748385	231.835937	57.324219
408421.768577	0.873835	231.835937	57.324219
408421.770577	0.871003	9.581029	0.058453
408422.813158	0.419515	45.800781	-562.109375
408422.815160	0.748555	45.800781	-562.109375
408422.817160	0.874746	45.800781	-562.109375
408422.819158	0.871945	9.591398	0.059855
408423.829681	0.538137	238.671875	57.714844
408423.831681	0.828926	238.671875	57.714844
408423.833682	0.872084	238.671875	57.714844
408423.835682	0.869437	9.563809	0.073444
408424.877726	0.451860	52.148437	-558.398437
408424.879730	0.774516	52.148437	-558.398437
408424.881729	0.874899	52.148437	-558.398437
408424.883728	0.871871	9.590582	0.079067
408425.925753	0.357836	224.804687	58.789062
408425.927756	0.692802	224.804687	58.789062
408425.929756	0.872864	224.804687	58.789062
408425.931754	0.871992	9.591912	0.057045
408426.975820	0.606289	45.507812	-560.839844
408426.977820	0.857133	45.507812	-560.839844
408426.979821	0.872348	45.507812	-560.839844
408426.981822	0.869952	9.569472	0.145717
408428.023854	0.517987	216.699219	60.253906
408428.025855	0.818593	216.699219	60.253906
408428.027855	0.873313	216.699219	60.253906
408428.031854	0.868877	9.557651	0.045106
408429.039872	0.552979	58.300781	-551.855469
408429.041872	0.836818	58.300781	-551.855469
408429.043872	0.872918	58.300781	-551.855469
408429.045872	0.870364	9.574001	0.078188
408430.089884	0.781016	219.726562	60.839844
408430.091886	0.875140	219.726562	60.839844
408430.093886	0.872131	9.593445	0.061294
408431.138364	0.768464	47.656250	-557.910156
408431.140363	0.874995	47.656250	-557.910156
408431.142366	0.872043	9.592470	0.063864
408432.186381	0.682051	216.503906	61.718750
408432.188389	0.872960	216.503906	61.718750
408432.190396	0.872857	9.601430	0.487756
408433.200956	0.476876	54.882812	-552.246094
408433.202956	0.792883	54.882812	-552.246094
408433.204956	0.874212	54.882812	-552.246094
408433.206957	0.871401	9.585406	0.083148
408434.248972	0.381612	227.441406	62.597656
408434.252975	0.876334	227.441406	62.597656
408434.254976	0.874181	227.441406	62.597656
408434.256976	0.872201	9.594207	0.067454
408435.299520	0.711405	52.734375	-552.148437
408435.301519	0.874888	52.734375	-552.148437
408435.303521	0.872973	9.602706	0.069156
408436.348061	0.706583	205.371094	63.964844
408436.350063	0.875310	205.371094	63.964844
408436.352063	0.875480	9.630277	0.048094
408437.362580	0.492391	64.160156	-541.601562
408437.364583	0.803584	64.160156	-541.601562
408437.366584	0.874831	64.160156	-541.601562
408437.368583	0.872007	9.592080	0.084240
408438.412582	0.728663	217.773437	63.769531
408438.414583	0.875854	217.773437	63.769531
408438.416582	0.873353	9.606880	0.061730
408439.460628	0.641939	55.664062	-546.484375
408439.462630	0.867450	55.664062	-546.484375
408439.464631	0.873495	55.664062	-546.484375
408439.466630	0.871314	9.584450	0.070571
408440.509178	0.637955	212.695312	64.257812
408440.511180	0.865845	212.695312	64.257812
408440.513180	0.872671	212.695312	64.257812
408440.517178	0.868919	9.558110	0.046797
408441.555768	0.301668	47.167969	-545.214844
408441.557771	0.640103	47.167969	-545.214844
408441.559770	0.866501	47.167969	-545.214844
408441.561770	0.872868	47.167969	-545.214844
408441.563770	0.870671	9.577386	0.054343
408442.571827	0.344290	214.355469	64.062500
408442.573830	0.680706	214.355469	64.062500
408442.575831	0.873714	214.355469	64.062500
408442.577830	0.873830	9.612126	0.061252
408443.621868	0.590756	60.937500	-538.769531
408443.623867	0.852816	60.937500	-538.769531
408443.625870	0.873325	60.937500	-538.769531
408443.627868	0.871048	9.581525	0.068594
408444.669878	0.498211	214.257812	63.476562
408444.671883	0.807510	214.257812	63.476562
408444.673885	0.875632	214.257812	63.476562
408444.675885	0.872785	9.600632	0.045968
408445.717869	0.399258	46.679687	-539.843750
408445.719871	0.731513	46.679687	-539.843750
408445.721873	0.875117	46.679687	-539.843750
408445.723872	0.872500	9.597495	0.059701
408446.735854	0.757161	213.476562	63.574219
408446.737856	0.875666	213.476562	63.574219
408446.739855	0.872707	9.599781	0.059491
408447.786355	0.874827	59.863281	-535.058594
408447.788356	0.871967	9.591637	0.076897
408448.830892	0.410353	213.769531	63.378906
408448.832893	0.741180	213.769531	63.378906
408448.834894	0.874987	213.769531	63.378906
408448.836895	0.872272	9.594987	0.046999
408449.880938	0.655903	46.679687	-535.742187
408449.882939	0.869144	46.679687	-535.742187
408449.884939	0.872523	46.679687	-535.742187
408449.886941	0.870344	9.573779	0.062204
408450.896953	0.424781	224.804687	63.183594
408450.898953	0.873736	224.804687	63.183594
408450.900955	0.872928	9.602209	0.061124
408451.946978	0.855812	62.304687	-530.664062
408451.948981	0.873147	62.304687	-530.664062
408451.950981	0.870929	9.580222	0.079076
408452.995564	0.856332	212.011719	63.476562
408452.997567	0.873743	212.011719	63.476562
408452.999566	0.871370	9.585071	0.090268
408454.044557	0.871287	55.175781	-531.835937
408454.048559	0.870397	55.175781	-531.835937
408454.050567	0.868793	9.556728	0.425044
408455.056630	0.379722	214.746094	63.671875
408455.058631	0.714054	214.746094	63.671875
408455.060632	0.876042	214.746094	63.671875
408455.062632	0.873943	9.613376	0.062277
408456.106659	0.623216	62.011719	-528.417969
408456.108660	0.862247	62.011719	-528.417969
408456.110661	0.872655	62.011719	-528.417969
408456.112660	0.870421	9.574631	0.228729
408457.155653	0.693946	211.425781	63.476562
408457.159651	0.872775	211.425781	63.476562
408457.161654	0.870738	9.578121	0.045493
408458.204200	0.687766	54.296875	-529.199219
408458.206203	0.873715	54.296875	-529.199219
408458.208203	0.873183	9.605010	0.512261
408459.218279	0.400647	217.187500	63.671875
408459.220282	0.732851	217.187500	63.671875
408459.222281	0.875862	217.187500	63.671875
408459.224281	0.873163	9.604797	0.066470
408460.268301	0.641132	59.375000	-526.269531
408460.270303	0.866357	59.375000	-526.269531
408460.272304	0.872521	59.375000	-526.269531
408460.274304	0.870356	9.573913	0.325527
408461.316354	0.553514	207.714844	63.867187
408461.318355	0.837485	207.714844	63.867187
408461.320357	0.873370	207.714844	63.867187
408461.322357	0.870980	9.580780	0.049933
408462.366429	0.789055	52.734375	-527.148437
408462.368431	0.795019	52.734375	-527.148437
408462.370430	0.871824	9.590068	0.066786
408463.380934	0.586110	219.531250	63.964844
408463.384934	0.873611	219.531250	63.964844
408463.386935	0.871307	219.531250	63.964844
408463.388936	0.869738	9.567115	0.068137
408464.430993	0.808971	61.816406	-522.851562
408464.432992	0.874200	61.816406	-522.851562
408464.434994	0.871488	9.586364	0.085127
408465.477608	0.508724	213.867187	64.355469
408465.481609	0.874750	213.867187	64.355469
408465.483611	0.871998	213.867187	64.355469
408465.485611	0.870280	9.573079	0.049832
408466.525626	0.414323	52.050781	-524.804687
408466.527628	0.744809	52.050781	-524.804687
408466.529627	0.876320	52.050781	-524.804687
408466.531628	0.873447	9.607917	0.069570
408467.541649	0.450614	215.820312	64.062500
408467.543650	0.774100	215.820312	64.062500
408467.545650	0.875298	215.820312	64.062500
408467.547651	0.875189	9.627077	0.070426
408468.589744	0.365507	61.035156	-520.507812
408468.591745	0.700821	61.035156	-520.507812
408468.593743	0.873869	61.035156	-520.507812
408468.595743	0.872438	9.596822	0.090026
408469.639732	0.603415	207.031250	65.332031
408469.641736	0.857228	207.031250	65.332031
408469.643736	0.873470	207.031250	65.332031
408469.645736	0.871260	9.583856	0.117759
408470.687771	0.514787	56.445312	-521.484375
408470.689773	0.817444	56.445312	-521.484375
408470.691772	0.874767	56.445312	-521.484375
408470.693772	0.872052	9.592567	0.064854
408471.703784	0.547205	216.796875	65.625000
408471.705786	0.834608	216.796875	65.625000
408471.707784	0.873648	216.796875	65.625000
408471.709786	0.871209	9.583298	0.067814
408472.751834	0.460479	60.839844	-518.457031
408472.753838	0.781346	60.839844	-518.457031
408472.755836	0.875038	60.839844	-518.457031
408472.757835	0.872100	9.593100	0.089393
408473.801869	0.703982	210.742187	66.210937
408473.803872	0.874502	210.742187	66.210937
408473.805871	0.872902	9.601926	0.577471
408474.848869	0.442220	56.835937	-519.140625
408474.850873	0.767625	56.835937	-519.140625
408474.852871	0.875252	56.835937	-519.140625
408474.854871	0.872219	9.594411	0.068192
408475.864889	0.476543	219.531250	66.699219
408475.866891	0.792744	219.531250	66.699219
408475.868891	0.874442	219.531250	66.699219
408475.870891	0.871591	9.587498	0.068172
408476.916937	0.875252	65.527344	-514.746094
408476.920936	0.871040	65.527344	-514.746094
408476.922938	0.869718	9.566902	0.093108
408477.961855	0.443985	211.328125	67.382812
408477.963858	0.769106	211.328125	67.382812
408477.965857	0.876192	211.328125	67.382812
408477.969855	0.871396	9.585354	0.058216
408479.010411	0.442077	57.714844	-517.578125
408479.012413	0.767432	57.714844	-517.578125
408479.014413	0.875543	57.714844	-517.578125
408479.016413	0.872533	9.597867	0.071539
408480.026445	0.480038	214.648437	67.187500
408480.028448	0.795114	214.648437	67.187500
408480.030448	0.874325	214.648437	67.187500
408480.032447	0.871500	9.586497	0.075444
408481.074502	0.393477	63.378906	-514.941406
408481.078505	0.875861	63.378906	-514.941406
408481.080504	0.875921	63.378906	-514.941406
408481.082504	0.871558	9.587135	0.090338
408482.125010	0.715139	212.695312	68.164062
408482.127012	0.875186	212.695312	68.164062
408482.129011	0.873113	9.604239	0.064644
408483.175069	0.865166	48.437500	-518.066406
408483.177070	0.874167	48.437500	-518.066406
408483.179072	0.871924	9.591159	0.253509
408484.189145	0.668733	211.523437	68.750000
408484.191150	0.871934	211.523437	68.750000
408484.193150	0.872775	211.523437	68.750000
408484.195152	0.870676	9.577431	0.079186
408485.237230	0.591512	60.644531	-516.113281
408485.239232	0.853068	60.644531	-516.113281
408485.241233	0.873279	60.644531	-516.113281
408485.243231	0.870935	9.580284	0.104057
408486.285264	0.503088	206.250000	69.140625
408486.287265	0.810147	206.250000	69.140625
408486.289265	0.874096	206.250000	69.140625
408486.291265	0.871394	9.585336	0.063783
408487.333290	0.410210	49.902344	-518.457031
408487.335292	0.741176	49.902344	-518.457031
408487.337293	0.875435	49.902344	-518.457031
408487.339293	0.872732	9.600056	0.070285
408488.381311	0.314927	200.488281	70.214844
408488.383312	0.652803	200.488281	70.214844
408488.385314	0.869986	200.488281	70.214844
408488.387311	0.874079	200.488281	70.214844
408488.389314	0.872012	9.592133	0.049511
408489.397832	0.437602	55.761719	-517.480469
408489.399835	0.764643	55.761719	-517.480469
408489.401836	0.770556	55.761719	-517.480469
408489.403834	0.876648	9.643126	0.088924
408490.445886	0.348457	209.082031	70.410156
408490.447889	0.684710	209.082031	70.410156
408490.449887	0.873876	209.082031	70.410156
408490.451889	0.873682	9.610505	0.065666
408491.495977	0.601651	47.265625	-518.359375
408491.497978	0.856410	47.265625	-518.359375
408491.499978	0.873217	47.265625	-518.359375
408491.501978	0.870974	9.580719	0.117897
408492.548026	0.874131	200.097656	70.605469
408492.550027	0.871437	200.097656	70.605469
408492.552029	0.869718	9.566894	0.051629
408493.560043	0.549443	49.023437	-517.968750
408493.562045	0.835894	49.023437	-517.968750
408493.564045	0.874161	49.023437	-517.968750
408493.566051	0.873956	9.613518	0.089140
408494.608507	0.529809	211.621094	69.921875
408494.612505	0.873830	211.621094	69.921875
408494.614507	0.871309	211.621094	69.921875
408494.616507	0.869577	9.565351	0.064385
408495.656567	0.445724	45.996094	-517.578125
408495.658568	0.770258	45.996094	-517.578125
408495.660570	0.875294	45.996094	-517.578125
408495.662571	0.872295	9.595243	0.070160
408496.704621	0.356594	205.859375	70.214844
408496.706622	0.692426	205.859375	70.214844
408496.708624	0.873658	205.859375	70.214844
408496.710622	0.872711	9.599816	0.054129
408497.721557	0.545267	51.953125	-515.039062
408497.723559	0.833750	51.953125	-515.039062
408497.725560	0.874029	51.953125	-515.039062
408497.727562	0.871588	9.587462	0.093609
408498.771657	0.783951	215.332031	69.824219
408498.773656	0.874929	215.332031	69.824219
408498.775656	0.871998	9.591973	0.071502
408499.818276	0.471003	47.851562	-515.234375
408499.820280	0.789013	47.851562	-515.234375
408499.822278	0.874755	47.851562	-515.234375
408499.824280	0.871834	9.590175	0.074199
408500.867197	0.529911	198.144531	69.531250
408500.869200	0.826101	198.144531	69.531250
408500.871199	0.874657	198.144531	69.531250
408500.873200	0.872060	9.592665	0.058845
408501.885257	0.621144	55.078125	-511.718750
408501.887262	0.873937	55.078125	-511.718750
408501.889269	0.871620	9.587817	0.093397
408502.933893	0.849569	218.359375	68.750000
408502.935893	0.873540	218.359375	68.750000
408502.937894	0.871219	9.583404	0.073332
408503.978863	0.311127	47.558594	-512.304687
408503.980865	0.649285	47.558594	-512.304687
408503.982866	0.869019	47.558594	-512.304687
408503.984867	0.873715	47.558594	-512.304687
408503.986865	0.871576	9.587338	0.074978
408505.028887	0.554723	203.125000	68.945312
408505.030886	0.838683	203.125000	68.945312
408505.032887	0.874411	203.125000	68.945312
408505.036885	0.870329	9.573620	0.055669
408506.076956	0.471550	31.835937	-509.375000
408506.078957	0.789505	31.835937	-509.375000
408506.080957	0.875017	31.835937	-509.375000
408506.082957	0.872065	9.592718	0.057901
408507.096971	0.874765	208.105469	68.750000
408507.098972	0.872047	208.105469	68.750000
408507.100972	0.870413	9.574542	0.073373
408508.141009	0.416502	41.503906	-509.472656
408508.145008	0.876858	41.503906	-509.472656
408508.147013	0.873896	41.503906	-509.472656
408508.149011	0.872047	9.592514	0.076383
408509.192998	0.869357	207.031250	68.554687
408509.195002	0.873522	207.031250	68.554687
408509.197002	0.871414	9.585557	0.340790
408510.239616	0.659859	37.695312	-507.324219
408510.241618	0.870416	37.695312	-507.324219
408510.245615	0.871117	37.695312	-507.324219
408510.249615	0.868412	9.552527	0.054871
408511.254149	0.444345	209.375000	69.531250
408511.256148	0.769632	209.375000	69.531250
408511.258149	0.876703	209.375000	69.531250
408511.260151	0.873682	9.610505	0.078550
408512.302221	0.360381	43.847656	-505.859375
408512.304224	0.696159	43.847656	-505.859375
408512.306222	0.875603	43.847656	-505.859375
408512.310222	0.872395	9.596343	0.079099
408513.354231	0.857117	204.296875	70.019531
408513.358228	0.871476	204.296875	70.019531
408513.360231	0.869917	9.569092	0.111744
408514.400816	0.601210	37.207031	-504.296875
408514.402818	0.856865	37.207031	-504.296875
408514.404819	0.873963	37.207031	-504.296875
408514.406818	0.871719	9.588907	0.105176
408515.415393	0.397340	210.156250	70.312500
408515.417395	0.730218	210.156250	70.312500
408515.419393	0.876619	210.156250	70.312500
408515.421394	0.873895	9.612844	0.079822
408516.465466	0.647303	46.191406	-503.417969
408516.467470	0.868862	46.191406	-503.417969
408516.469469	0.873845	46.191406	-503.417969
408516.471469	0.871730	9.589031	0.338498
408517.516024	0.868461	197.167969	71.093750
408517.518028	0.874066	197.167969	71.093750
408517.520027	0.871932	9.591248	0.315269
408518.562081	0.556985	36.523437	-501.855469
408518.564085	0.839464	36.523437	-501.855469
408518.566082	0.874063	36.523437	-501.855469
408518.568084	0.871614	9.587755	0.063304
408519.578146	0.601680	219.433594	71.386719
408519.580148	0.857017	219.433594	71.386719
408519.582148	0.873948	219.433594	71.386719
408519.584149	0.871664	9.588305	0.122909
408520.626128	0.502043	41.894531	-501.855469
408520.628130	0.809557	41.894531	-501.855469
408520.630129	0.813727	41.894531	-501.855469
408520.632130	0.871426	9.585681	0.083398
408521.674149	0.407312	204.980469	71.875000
408521.676150	0.738891	204.980469	71.875000
408521.678152	0.876774	204.980469	71.875000
408521.680151	0.873832	9.612153	0.064801
408522.724727	0.738887	42.089844	-500.683594
408522.726730	0.875274	42.089844	-500.683594
408522.728730	0.872553	9.598080	0.062392
408523.740748	0.770224	209.765625	73.437500
408523.742752	0.875152	209.765625	73.437500
408523.744750	0.872147	9.593622	0.082066
408524.790812	0.873441	49.316406	-498.730469
408524.792816	0.872460	9.597061	0.083299
408525.835405	0.361130	205.273437	73.730469
408525.837407	0.696775	205.273437	73.730469
408525.839408	0.874875	205.273437	73.730469
408525.841406	0.873611	9.609725	0.064943
408526.885426	0.603500	35.644531	-496.484375
408526.887428	0.857307	35.644531	-496.484375
408526.889428	0.873539	35.644531	-496.484375
408526.891429	0.871231	9.583536	0.065385
408527.935489	0.820279	192.578125	74.511719
408527.937490	0.874462	192.578125	74.511719
408527.939490	0.871759	9.589351	0.052226
408528.952019	0.866361	46.972656	-495.703125
408528.956018	0.870819	46.972656	-495.703125
408528.958020	0.869228	9.561504	0.086967
408529.998042	0.548362	195.019531	74.902344
408530.000044	0.835439	195.019531	74.902344
408530.002044	0.874269	195.019531	74.902344
408530.004044	0.871830	9.590131	0.064930
