num crossings	time (s)	maj axis (mm)	min axis (mm)	theta (rad )	slope (V/s)
9927	408219.495622	47.526842	19.501625	2.509828	7.415952
9929	408221.581294	46.704221	-18.913007	2.607664	7.727810
9931	408223.662675	44.312493	-17.522646	2.639527	8.058506
9933	408225.745596	41.414844	-22.075587	2.605445	7.943242
9935	408227.828290	47.197757	-18.748646	2.538954	7.788034
9937	408229.909424	45.580176	-19.410735	2.523184	7.872916
9939	408231.990253	47.640623	-20.108254	2.501813	8.256140
9941	408234.071374	50.113236	19.805616	2.514573	8.085948
9943	408236.151972	48.114896	-18.897570	2.497755	7.905932
9945	408238.233337	51.278470	19.554120	2.501786	8.501433
9947	408240.312723	46.946293	-18.657823	2.523696	7.952535
9949	408242.395579	45.304295	-22.849054	2.491633	8.100519
9951	408244.476918	48.154944	-17.704718	2.519321	8.378914
9953	408246.557364	51.169955	19.176780	2.490423	8.762013
9955	408248.640261	45.305162	-16.518470	2.602513	8.024708
9957	408250.722523	48.381520	-18.625943	2.504347	8.320430
9959	408252.805120	47.659034	-16.673437	2.572164	8.277716
9961	408254.888260	28.206942	-19.579368	2.707933	8.332766
9963	408256.969543	46.541553	-18.248773	2.498149	8.115708
9965	408259.049730	52.345689	-17.458115	2.364382	8.369002
9967	408261.130295	42.910115	-16.838212	2.552117	8.470955
9969	408263.209537	53.350027	-20.021630	2.465160	8.552336
9971	408265.287687	47.428581	-16.898959	2.527324	8.217671
9973	408267.370167	50.505773	18.420907	2.435295	8.157749
9975	408269.451759	44.818135	-15.661879	2.572729	8.101663
9977	408271.533650	38.600183	-19.315203	2.525842	8.320285
9979	408273.615354	55.645293	21.892428	2.353260	8.267193
9981	408275.697901	47.403592	-17.025723	2.452735	7.911903
9983	408277.778734	45.790657	-16.660044	2.492343	8.603879
9985	408279.861054	45.306036	-15.112008	2.554457	8.763061
9987	408281.941979	48.038081	-20.627829	2.436320	8.731552
9989	408284.024684	47.717336	-21.452432	2.439578	8.556424
9991	408286.104282	48.379619	-17.487588	2.441274	8.646186
9993	408288.187238	46.613118	-16.623192	2.438252	8.358299
9995	408290.267438	47.287869	-18.104663	2.463138	8.226139
9997	408292.348387	46.516908	-17.626989	2.473636	8.228494
9999	408294.428979	43.921473	-17.198727	2.436122	8.765759
10001	408296.509655	48.260185	-15.752344	2.450354	8.185833
10003	408298.590720	49.934069	18.046995	2.397822	8.425564
10005	408300.673012	40.484418	-16.286023	2.436548	8.494055
10007	408302.754869	46.259948	-16.673048	2.435160	8.791206
10009	408304.838262	47.099350	-14.961274	2.507844	8.251046
10011	408306.920003	45.101250	-16.693742	2.434857	8.422481
10013	408309.002373	46.441392	-16.934314	2.464213	8.367625
10015	408311.084925	47.152208	-21.767968	2.403661	8.540768
10017	408313.165661	47.545720	16.161034	2.380883	8.378562
10019	408315.246137	48.673771	-17.327840	2.383551	8.717466
10021	408317.328525	50.122462	-22.622887	2.342469	8.472768
10023	408319.410713	46.743186	-14.542378	2.406038	8.448300
10025	408321.491325	46.119571	17.495001	2.368206	8.639444
10027	408323.572000	42.817853	-13.856654	2.490883	8.960937
10029	408325.653976	49.364601	-16.696565	2.390374	8.526686
10031	408327.735066	47.543127	16.117702	2.386347	8.819218
10033	408329.816320	50.755485	18.573594	2.335022	9.001211
10035	408331.898225	49.926593	19.302930	2.380092	8.924110
10037	408333.980004	47.910869	-14.062234	2.452562	8.675369
10039	408336.061425	47.046884	-15.426547	2.402954	8.197859
10041	408338.143492	46.463546	-15.351806	2.409101	8.416750
10043	408340.224554	44.415658	-16.487735	2.348076	8.277564
10045	408342.306212	50.511752	-16.817587	2.346487	8.462815
10047	408344.387079	46.218834	-13.786897	2.460453	8.680600
10049	408346.466063	46.793207	-15.083661	2.400100	8.835542
10051	408348.547063	50.164158	17.663178	2.362373	8.384094
10053	408350.627490	48.715859	-15.514701	2.366100	8.364343
10055	408352.708139	48.424663	14.773784	2.309363	8.062755
10057	408354.790113	52.599751	16.784812	2.332400	7.957961
10059	408356.870502	50.264846	15.033738	2.336779	8.527549
10061	408358.951319	44.940730	-13.280071	2.399977	8.559996
10063	408361.033674	46.543712	-13.213392	2.391820	8.900757
10065	408363.114857	50.236112	15.807469	2.342393	9.148751
10067	408365.196870	50.007593	15.270592	2.320032	8.413493
10069	408367.278433	47.993877	15.055020	2.363077	8.792434
10071	408369.360105	47.939152	16.366031	2.319240	8.598586
10073	408371.442113	47.362112	-14.061645	2.362649	8.869689
10075	408373.522321	46.197314	-14.169603	2.366029	8.290424
10077	408375.604704	46.281947	-14.544927	2.379483	8.628502
10079	408377.685523	45.317128	-19.071528	2.379284	8.276315
10081	408379.766546	46.436655	-13.610207	2.366040	8.969088
10083	408381.847472	46.044165	-13.989562	2.360520	8.720839
10085	408383.929025	46.913566	-14.052788	2.342024	8.496790
10087	408386.011161	47.955629	-14.153078	2.339544	8.329787
10089	408388.092686	46.484686	-13.524608	2.358460	8.445888
10091	408390.173841	45.931663	-14.336529	2.342312	8.443704
10093	408392.256098	41.253297	-13.439044	2.391654	8.304906
10095	408394.338329	27.082226	-12.596314	2.363295	8.932965
10097	408396.419406	52.113602	15.627520	2.297262	8.892242
10099	408398.503024	43.116534	-12.489732	2.391180	8.484852
10101	408400.584578	44.545035	-17.079612	2.323215	8.770716
10103	408402.666747	46.238941	-11.623277	2.337432	8.582716
10105	408404.749015	53.325725	16.733036	2.254369	8.373428
10107	408406.830755	49.866423	15.498606	2.253894	8.655330
10109	408408.910381	48.991552	16.215748	2.253268	8.661747
10111	408410.993063	48.854780	-11.689371	2.307192	8.657521
10113	408413.074167	46.562101	-12.583348	2.327404	8.794653
10115	408415.155381	49.920618	-13.587614	2.304736	8.770476
10117	408417.236427	46.775982	-12.520215	2.325082	8.754205
10119	408419.318983	45.549068	-16.836032	2.331690	8.549887
10121	408421.399638	47.606939	-12.416268	2.322132	8.193959
10123	408423.481311	44.127346	-17.733957	2.340777	8.561974
10125	408425.562726	42.289897	13.588449	2.225058	8.384742
10127	408427.645340	43.657813	13.949988	2.318625	8.718515
10129	408429.725194	50.550598	-11.561652	2.313605	8.269349
10131	408431.806489	46.084039	-12.334589	2.307912	8.678760
10133	408433.887994	46.124968	-17.669661	2.294810	8.621342
10135	408435.969382	47.181262	-12.540439	2.287950	8.538983
10137	408438.048745	45.050442	-12.425575	2.327700	8.514736
10139	408440.129615	41.131441	-15.245486	2.278756	8.812457
10141	408442.211196	47.659024	-10.895583	2.322480	8.902127
10143	408444.290594	54.113666	15.816620	2.212049	8.874343
10145	408446.372088	40.964304	-12.168960	2.327808	8.516543
10147	408448.453557	41.857209	-13.133785	2.310651	8.893562
10149	408450.534616	42.256983	-10.926299	2.335778	8.936511
10151	408452.616333	46.446440	-11.962875	2.281018	8.069502
10153	408454.698444	45.960358	-11.901977	2.282490	8.472395
10155	408456.779645	44.788273	-10.386775	2.342367	8.425708
10157	408458.860661	45.229653	-11.883621	2.271070	8.496683
10159	408460.942138	48.469392	13.542075	2.237422	8.419073
10161	408463.023344	47.129004	-10.048276	2.281721	8.614927
10163	408465.103760	46.043745	-10.354964	2.285178	8.408760
10165	408467.186069	49.870511	14.016879	2.247832	8.594583
10167	408469.268310	51.513802	13.485454	2.233994	8.397190
10169	408471.349549	52.408579	13.831671	2.224606	8.542191
10171	408473.430544	44.607793	-10.115077	2.325099	7.944077
10173	408475.512355	45.668931	-16.508658	2.263873	8.738119
10175	408477.593934	43.827661	-10.235042	2.284700	8.061536
10177	408479.675867	50.149090	12.207424	2.259852	8.735336
10179	408481.756813	44.007724	-9.727535	2.321649	8.430088
10181	408483.838544	46.197178	-11.091600	2.240779	9.128708
10183	408485.920706	47.250309	12.267467	2.232255	8.288150
10185	408488.002992	47.038071	-9.812397	2.294833	8.757631
10187	408490.084857	44.560306	-13.500562	2.222299	8.409342
10189	408492.167100	45.063171	-9.288175	2.308725	8.194241
10191	408494.249154	46.072673	-12.283130	2.224969	8.377356
10193	408496.331663	48.321389	11.474675	2.255160	8.414894
10195	408498.412837	46.221005	-9.626380	2.292756	8.134314
10197	408500.494421	43.223818	-12.528014	2.204252	8.713031
10199	408502.575055	46.378738	-10.065081	2.248219	8.364221
10201	408504.657598	45.882157	-10.842251	2.228312	8.458293
10203	408506.740154	45.819257	-9.498256	2.288538	8.191782
10205	408508.821052	45.143544	-11.056381	2.248682	8.413793
10207	408510.902100	56.413718	-12.139585	2.187249	8.385161
10209	408512.983530	42.964645	-9.040828	2.295637	8.672329
10211	408515.064761	44.541384	-11.665648	2.193472	8.548555
10213	408517.145854	43.885220	-9.718427	2.270556	8.507096
10215	408519.226849	41.998685	-12.056364	2.196295	8.632092
10217	408521.308868	47.456689	10.950802	2.220980	8.243108
10219	408523.389749	46.370517	-9.837763	2.218623	8.654757
10221	408525.470466	46.746833	-15.075305	2.221579	8.406716
10223	408527.553013	42.343944	-8.849710	2.281578	8.845679
