crossing time (s)	slope (V/s)	crossing number
281474976710655.000000	-12.744344	8477	406307831808.000000
281474976710655.000000	-11.832362	8478	406308880384.000000
281474976710655.000000	-11.669352	8479	406309928960.000000
281474976710655.000000	-11.392980	8480	406310977536.000000
281474976710655.000000	-12.253685	8481	406311993344.000000
281474976710655.000000	-11.622120	8482	406313041920.000000
281474976710655.000000	-12.046978	8483	406314090496.000000
281474976710655.000000	-11.237819	8484	406315139072.000000
281474976710655.000000	-11.997532	8485	406316154880.000000
281474976710655.000000	-10.988780	8486	406317203456.000000
281474976710655.000000	-11.823745	8487	406318252032.000000
281474976710655.000000	-11.050148	8488	406319300608.000000
281474976710655.000000	-12.358321	8489	406320316416.000000
281474976710655.000000	-11.189385	8490	406321364992.000000
281474976710655.000000	-11.729947	8491	406322413568.000000
281474976710655.000000	-10.930259	8492	406323462144.000000
281474976710655.000000	-11.455110	8493	406324477952.000000
281474976710655.000000	-11.182434	8494	406325526528.000000
281474976710655.000000	-11.680593	8495	406326575104.000000
281474976710655.000000	-11.500237	8496	406327623680.000000
281474976710655.000000	-11.459098	8497	406328639488.000000
281474976710655.000000	-10.920905	8498	406329688064.000000
281474976710655.000000	-11.201788	8499	406330736640.000000
281474976710655.000000	-11.186073	8500	406331785216.000000
281474976710655.000000	-11.398114	8501	406332801024.000000
281474976710655.000000	-11.168379	8502	406333849600.000000
281474976710655.000000	-11.467706	8503	406334898176.000000
281474976710655.000000	-10.762218	8504	406335946752.000000
281474976710655.000000	-11.511825	8505	406336962560.000000
281474976710655.000000	-10.786347	8506	406338011136.000000
281474976710655.000000	-11.005247	8507	406339059712.000000
281474976710655.000000	-10.452990	8508	406340108288.000000
281474976710655.000000	-11.037230	8509	406341124096.000000
281474976710655.000000	-10.292757	8510	406342172672.000000
281474976710655.000000	-11.275038	8511	406343221248.000000
281474976710655.000000	-10.577549	8512	406344269824.000000
281474976710655.000000	-10.972781	8513	406345285632.000000
281474976710655.000000	-10.192628	8514	406346334208.000000
281474976710655.000000	-11.018460	8515	406347382784.000000
281474976710655.000000	-10.386476	8516	406348431360.000000
281474976710655.000000	-11.006617	8517	406349447168.000000
281474976710655.000000	-10.193790	8518	406350495744.000000
281474976710655.000000	-11.021575	8519	406351544320.000000
281474976710655.000000	-10.327477	8520	406352560128.000000
281474976710655.000000	-10.584509	8521	406353608704.000000
281474976710655.000000	-10.343329	8522	406354657280.000000
281474976710655.000000	-10.686542	8523	406355705856.000000
281474976710655.000000	-10.276709	8524	406356721664.000000
281474976710655.000000	-10.520058	8525	406357770240.000000
281474976710655.000000	-9.998507	8526	406358818816.000000
281474976710655.000000	-10.625666	8527	406359867392.000000
281474976710655.000000	-9.909254	8528	406360883200.000000
281474976710655.000000	-10.368744	8529	406361931776.000000
281474976710655.000000	-9.621327	8530	406362980352.000000
281474976710655.000000	-10.421937	8531	406363996160.000000
281474976710655.000000	-9.698009	8532	406365044736.000000
281474976710655.000000	-10.111938	8533	406366093312.000000
281474976710655.000000	-9.947393	8534	406367141888.000000
281474976710655.000000	-10.177659	8535	406368157696.000000
281474976710655.000000	-9.701272	8536	406369206272.000000
281474976710655.000000	-9.759921	8537	406370254848.000000
281474976710655.000000	-9.707161	8538	406371303424.000000
281474976710655.000000	-10.378121	8539	406372319232.000000
281474976710655.000000	-9.912435	8540	406373367808.000000
281474976710655.000000	-10.181569	8541	406374416384.000000
281474976710655.000000	-9.461386	8542	406375464960.000000
281474976710655.000000	-9.572159	8543	406376480768.000000
281474976710655.000000	-9.198022	8544	406377529344.000000
281474976710655.000000	-9.745855	8545	406378577920.000000
281474976710655.000000	-9.477580	8546	406379626496.000000
281474976710655.000000	-9.451159	8547	406380642304.000000
281474976710655.000000	-9.069452	8548	406381690880.000000
281474976710655.000000	-9.207794	8549	406382739456.000000
281474976710655.000000	-9.059349	8550	406383788032.000000
281474976710655.000000	-9.588766	8551	406384803840.000000
281474976710655.000000	-9.089643	8552	406385852416.000000
281474976710655.000000	-9.137055	8553	406386900992.000000
281474976710655.000000	-8.738425	8554	406387949568.000000
281474976710655.000000	-9.475430	8555	406388965376.000000
281474976710655.000000	-8.760180	8556	406390013952.000000
281474976710655.000000	-9.239718	8557	406391062528.000000
281474976710655.000000	-8.819984	8558	406392078336.000000
281474976710655.000000	-8.901765	8559	406393126912.000000
281474976710655.000000	-8.790200	8560	406394175488.000000
281474976710655.000000	-9.348339	8561	406395224064.000000
281474976710655.000000	-8.923685	8562	406396239872.000000
281474976710655.000000	-8.960255	8563	406397288448.000000
281474976710655.000000	-8.666706	8564	406398337024.000000
281474976710655.000000	-8.851739	8565	406399352832.000000
281474976710655.000000	-8.654263	8566	406400401408.000000
281474976710655.000000	-8.924692	8567	406401449984.000000
281474976710655.000000	-8.505587	8568	406402498560.000000
281474976710655.000000	-8.592932	8569	406403514368.000000
281474976710655.000000	-8.084460	8570	406404562944.000000
281474976710655.000000	-8.575763	8571	406405611520.000000
281474976710655.000000	-8.192926	8572	406406660096.000000
281474976710655.000000	-8.728408	8573	406407675904.000000
281474976710655.000000	-8.080845	8574	406408724480.000000
281474976710655.000000	-8.521729	8575	406409773056.000000
281474976710655.000000	-7.894080	8576	406410788864.000000
281474976710655.000000	-8.305753	8577	406411837440.000000
281474976710655.000000	-7.963241	8578	406412886016.000000
281474976710655.000000	-8.214309	8579	406413934592.000000
281474976710655.000000	-7.875549	8580	406414950400.000000
281474976710655.000000	-8.030676	8581	406415998976.000000
281474976710655.000000	-7.776319	8582	406417047552.000000
281474976710655.000000	-8.184729	8583	406418096128.000000
281474976710655.000000	-7.521736	8584	406419111936.000000
281474976710655.000000	-7.883747	8585	406420160512.000000
281474976710655.000000	-7.555924	8586	406421209088.000000
281474976710655.000000	-8.009073	8587	406422224896.000000
281474976710655.000000	-7.496449	8588	406423273472.000000
281474976710655.000000	-7.730587	8589	406424322048.000000
281474976710655.000000	-7.152270	8590	406425370624.000000
281474976710655.000000	-7.375417	8591	406426386432.000000
281474976710655.000000	-7.204481	8592	406427435008.000000
281474976710655.000000	-7.365688	8593	406428483584.000000
281474976710655.000000	-6.981289	8594	406429532160.000000
281474976710655.000000	-7.526507	8595	406430547968.000000
281474976710655.000000	-6.793680	8596	406431596544.000000
281474976710655.000000	-6.907461	8597	406432612352.000000
281474976710655.000000	-6.731389	8598	406433693696.000000
281474976710655.000000	-6.922622	8599	406434709504.000000
281474976710655.000000	-6.481583	8600	406435758080.000000
281474976710655.000000	-6.919177	8601	406436773888.000000
281474976710655.000000	-6.760243	8602	406437822464.000000
281474976710655.000000	-7.137351	8603	406438871040.000000
281474976710655.000000	-6.716454	8604	406439919616.000000
281474976710655.000000	-6.474771	8605	406440935424.000000
281474976710655.000000	-6.246479	8606	406441984000.000000
281474976710655.000000	-6.737156	8607	406443032576.000000
281474976710655.000000	-6.642073	8608	406444081152.000000
281474976710655.000000	-6.706434	8609	406445096960.000000
281474976710655.000000	-6.380381	8610	406446145536.000000
281474976710655.000000	-6.442566	8611	406447161344.000000
281474976710655.000000	-5.968925	8612	406448209920.000000
281474976710655.000000	-6.233408	8613	406449258496.000000
281474976710655.000000	-5.948316	8614	406450307072.000000
281474976710655.000000	-6.189517	8615	406451322880.000000
281474976710655.000000	-6.034693	8616	406452371456.000000
281474976710655.000000	-6.163656	8617	406453420032.000000
281474976710655.000000	-5.663844	8618	406454468608.000000
281474976710655.000000	-5.833162	8619	406455484416.000000
281474976710655.000000	-5.511269	8620	406456532992.000000
281474976710655.000000	-5.702244	8621	406457548800.000000
281474976710655.000000	-5.539019	8622	406458597376.000000
281474976710655.000000	-5.777513	8623	406459645952.000000
281474976710655.000000	-5.374012	8624	406460694528.000000
281474976710655.000000	-5.434808	8625	406461710336.000000
281474976710655.000000	-5.165857	8626	406462758912.000000
281474976710655.000000	-5.299579	8627	406463807488.000000
281474976710655.000000	-5.198317	8628	406464856064.000000
281474976710655.000000	-5.387935	8629	406465871872.000000
281474976710655.000000	-5.156475	8630	406466920448.000000
281474976710655.000000	-5.253932	8631	406467936256.000000
281474976710655.000000	-4.809611	8632	406468984832.000000
281474976710655.000000	-5.144922	8633	406470033408.000000
281474976710655.000000	-4.729594	8634	406471081984.000000
281474976710655.000000	-4.635004	8635	406472097792.000000
281474976710655.000000	-4.541655	8636	406473146368.000000
281474976710655.000000	-4.503896	8637	406474194944.000000
281474976710655.000000	-4.288762	8638	406475243520.000000
281474976710655.000000	-4.677486	8639	406476259328.000000
281474976710655.000000	-4.351656	8640	406477307904.000000
281474976710655.000000	-4.310024	8641	406478323712.000000
281474976710655.000000	-3.913733	8642	406479372288.000000
281474976710655.000000	-3.838115	8643	406480388096.000000
281474976710655.000000	-3.854003	8644	406481469440.000000
281474976710655.000000	-4.205406	8645	406482485248.000000
281474976710655.000000	-3.947032	8646	406483533824.000000
281474976710655.000000	-3.954132	8647	406484549632.000000
281474976710655.000000	-3.536941	8648	406485598208.000000
281474976710655.000000	-3.419951	8649	406486646784.000000
281474976710655.000000	-3.355796	8650	406487695360.000000
281474976710655.000000	-3.602496	8651	406488711168.000000
281474976710655.000000	-3.586176	8652	406489759744.000000
281474976710655.000000	-3.743219	8653	406490775552.000000
281474976710655.000000	-3.393909	8654	406491824128.000000
281474976710655.000000	-3.216658	8655	406492872704.000000
281474976710655.000000	-2.955323	8656	406493921280.000000
281474976710655.000000	-3.123065	8657	406494937088.000000
281474976710655.000000	-3.200339	8658	406495985664.000000
281474976710655.000000	-3.338897	8659	406497001472.000000
281474976710655.000000	-2.942435	8660	406498050048.000000
281474976710655.000000	-2.803425	8661	406499098624.000000
281474976710655.000000	-2.590136	8662	406500147200.000000
281474976710655.000000	-2.710625	8663	406501163008.000000
281474976710655.000000	-2.806425	8664	406502211584.000000
281474976710655.000000	-2.708874	8665	406503260160.000000
281474976710655.000000	-2.492598	8666	406504275968.000000
281474976710655.000000	-2.443221	8667	406505324544.000000
281474976710655.000000	-2.347932	8668	406506373120.000000
281474976710655.000000	-2.447336	8669	406507388928.000000
281474976710655.000000	-2.356359	8670	406508437504.000000
281474976710655.000000	-2.270273	8671	406509453312.000000
281474976710655.000000	-2.129199	8672	406510501888.000000
281474976710655.000000	-2.118837	8673	406511550464.000000
281474976710655.000000	-2.055922	8674	406512599040.000000
281474976710655.000000	-2.100161	8675	406513614848.000000
281474976710655.000000	-1.970473	8676	406514663424.000000
281474976710655.000000	-1.898855	8677	406515679232.000000
281474976710655.000000	-1.818260	8678	406516727808.000000
281474976710655.000000	-1.799890	8679	406517776384.000000
281474976710655.000000	-1.777391	8680	406518792192.000000
281474976710655.000000	-1.730134	8681	406519840768.000000
281474976710655.000000	-1.562558	8682	406520889344.000000
281474976710655.000000	-1.412247	8683	406521905152.000000
281474976710655.000000	-1.335795	8684	406522953728.000000
281474976710655.000000	-1.133173	8685	406525149184.000000
281474976710655.000000	-1.318835	8686	406527377408.000000
281474976710655.000000	-1.109120	8687	406529441792.000000
281474976710655.000000	-0.977712	8688	406531538944.000000
281474976710655.000000	-1.331466	8689	406533603328.000000
281474976710655.000000	-1.273363	8690	406534455296.000000
281474976710655.000000	-0.962311	8691	406535405568.000000
281474976710655.000000	-1.380784	8692	406536421376.000000
281474976710655.000000	-1.072634	8693	406537502720.000000
281474976710655.000000	-1.112913	8694	406539698176.000000
281474976710655.000000	-1.394685	8695	406541893632.000000
281474976710655.000000	-1.076108	8696	406543958016.000000
281474976710655.000000	-1.129095	8697	406546022400.000000
281474976710655.000000	-1.231677	8698	406548119552.000000
281474976710655.000000	-1.321738	8699	406550183936.000000
281474976710655.000000	-1.012086	8700	406552248320.000000
281474976710655.000000	-1.174124	8701	406554312704.000000
281474976710655.000000	-1.231596	8702	406556409856.000000
281474976710655.000000	-1.392105	8703	406558474240.000000
281474976710655.000000	-1.064935	8704	406560538624.000000
281474976710655.000000	-1.167858	8705	406562603008.000000
281474976710655.000000	-1.265296	8706	406564700160.000000
281474976710655.000000	-1.347537	8707	406566764544.000000
