crossing time (s)	slope (V/s)	crossing number
281474976710655.000000	8.582866	5172	0.000000
281474976710655.000000	8.531371	5173	0.000000
281474976710655.000000	8.179239	5174	0.000000
281474976710655.000000	8.898500	5175	0.000000
281474976710655.000000	8.501904	5176	0.000000
281474976710655.000000	8.816812	5177	0.000000
281474976710655.000000	8.704920	5178	0.000000
281474976710655.000000	9.068538	5179	0.000000
281474976710655.000000	8.848082	5180	0.000000
281474976710655.000000	8.651424	5181	0.000000
281474976710655.000000	8.700454	5182	0.000000
281474976710655.000000	8.589521	5183	0.000000
281474976710655.000000	8.599842	5184	0.000000
281474976710655.000000	8.588137	5185	0.000000
281474976710655.000000	8.729582	5186	0.000000
281474976710655.000000	8.904986	5187	0.000000
281474976710655.000000	8.866461	5188	0.000000
281474976710655.000000	8.752593	5189	0.000000
281474976710655.000000	9.192887	5190	0.000000
281474976710655.000000	8.808964	5191	0.000000
281474976710655.000000	8.711037	5192	0.000000
281474976710655.000000	8.249325	5193	0.000000
281474976710655.000000	8.193099	5194	0.000000
281474976710655.000000	8.204929	5195	0.000000
281474976710655.000000	8.041619	5196	0.000000
281474976710655.000000	7.885638	5197	0.000000
281474976710655.000000	8.288537	5198	0.000000
281474976710655.000000	8.460886	5199	0.000000
281474976710655.000000	8.392681	5200	0.000000
281474976710655.000000	8.826245	5201	0.000000
281474976710655.000000	8.718578	5202	0.000000
281474976710655.000000	8.324286	5203	0.000000
281474976710655.000000	8.735158	5204	0.000000
281474976710655.000000	8.110719	5205	0.000000
281474976710655.000000	8.168762	5206	0.000000
281474976710655.000000	8.556499	5207	0.000000
281474976710655.000000	7.655652	5208	0.000000
281474976710655.000000	8.275874	5209	0.000000
281474976710655.000000	8.294401	5210	0.000000
281474976710655.000000	8.628926	5211	0.000000
281474976710655.000000	8.279877	5212	0.000000
281474976710655.000000	8.707546	5213	0.000000
281474976710655.000000	8.561005	5214	0.000000
281474976710655.000000	8.399609	5215	0.000000
281474976710655.000000	8.622276	5216	0.000000
281474976710655.000000	7.799559	5217	0.000000
281474976710655.000000	8.416079	5218	0.000000
281474976710655.000000	7.450235	5219	0.000000
281474976710655.000000	8.480213	5220	0.000000
281474976710655.000000	8.032820	5221	0.000000
281474976710655.000000	8.035883	5222	0.000000
281474976710655.000000	8.975719	5223	0.000000
281474976710655.000000	7.965662	5224	0.000000
281474976710655.000000	8.271709	5225	0.000000
281474976710655.000000	7.889621	5226	0.000000
281474976710655.000000	8.578625	5227	0.000000
281474976710655.000000	8.338629	5228	0.000000
281474976710655.000000	8.246497	5229	0.000000
281474976710655.000000	8.592813	5230	0.000000
281474976710655.000000	8.095284	5231	0.000000
281474976710655.000000	8.314857	5232	0.000000
281474976710655.000000	8.097377	5233	0.000000
281474976710655.000000	8.068909	5234	0.000000
281474976710655.000000	8.239586	5235	0.000000
281474976710655.000000	8.083645	5236	0.000000
281474976710655.000000	8.178742	5237	0.000000
281474976710655.000000	8.249050	5238	0.000000
281474976710655.000000	7.898798	5239	0.000000
281474976710655.000000	8.437491	5240	0.000000
281474976710655.000000	8.210133	5241	0.000000
281474976710655.000000	7.925075	5242	0.000000
281474976710655.000000	7.964289	5243	0.000000
281474976710655.000000	8.098926	5244	0.000000
281474976710655.000000	7.924166	5245	0.000000
281474976710655.000000	7.622030	5246	0.000000
281474976710655.000000	7.957973	5247	0.000000
281474976710655.000000	7.875254	5248	0.000000
281474976710655.000000	7.914322	5249	0.000000
281474976710655.000000	7.966091	5250	0.000000
281474976710655.000000	8.226880	5251	0.000000
281474976710655.000000	7.924656	5252	0.000000
281474976710655.000000	8.086486	5253	0.000000
281474976710655.000000	8.032802	5254	0.000000
281474976710655.000000	7.783728	5255	0.000000
281474976710655.000000	7.890170	5256	0.000000
281474976710655.000000	7.699190	5257	0.000000
281474976710655.000000	7.808938	5258	0.000000
281474976710655.000000	7.662960	5259	0.000000
281474976710655.000000	7.850709	5260	0.000000
281474976710655.000000	7.932620	5261	0.000000
281474976710655.000000	7.558878	5262	0.000000
281474976710655.000000	7.914467	5263	0.000000
281474976710655.000000	8.087209	5264	0.000000
281474976710655.000000	7.993494	5265	0.000000
281474976710655.000000	8.064246	5266	0.000000
281474976710655.000000	7.882436	5267	0.000000
281474976710655.000000	7.695491	5268	0.000000
281474976710655.000000	7.711481	5269	0.000000
281474976710655.000000	7.661346	5270	0.000000
281474976710655.000000	7.647421	5271	0.000000
281474976710655.000000	7.540340	5272	0.000000
281474976710655.000000	7.774342	5273	0.000000
281474976710655.000000	7.507058	5274	0.000000
281474976710655.000000	7.837528	5275	0.000000
281474976710655.000000	7.717387	5276	0.000000
281474976710655.000000	7.994558	5277	0.000000
281474976710655.000000	7.615184	5278	0.000000
281474976710655.000000	7.800020	5279	0.000000
281474976710655.000000	7.816997	5280	0.000000
281474976710655.000000	7.632838	5281	0.000000
281474976710655.000000	7.763734	5282	0.000000
281474976710655.000000	7.461202	5283	0.000000
281474976710655.000000	7.334815	5284	0.000000
281474976710655.000000	7.589221	5285	0.000000
281474976710655.000000	7.585490	5286	0.000000
281474976710655.000000	8.045815	5287	0.000000
281474976710655.000000	7.763280	5288	0.000000
281474976710655.000000	7.900312	5289	0.000000
281474976710655.000000	7.758720	5290	0.000000
281474976710655.000000	7.435530	5291	0.000000
281474976710655.000000	7.759381	5292	0.000000
281474976710655.000000	7.691050	5293	0.000000
281474976710655.000000	7.582331	5294	0.000000
281474976710655.000000	7.725014	5295	0.000000
281474976710655.000000	7.316958	5296	0.000000
281474976710655.000000	7.445522	5297	0.000000
281474976710655.000000	7.629735	5298	0.000000
281474976710655.000000	7.622420	5299	0.000000
281474976710655.000000	7.533607	5300	0.000000
281474976710655.000000	7.319937	5301	0.000000
281474976710655.000000	7.560935	5302	0.000000
281474976710655.000000	7.268261	5303	0.000000
281474976710655.000000	7.333781	5304	0.000000
281474976710655.000000	7.398761	5305	0.000000
281474976710655.000000	7.362295	5306	0.000000
281474976710655.000000	7.538187	5307	0.000000
281474976710655.000000	7.505088	5308	0.000000
281474976710655.000000	7.395678	5309	0.000000
281474976710655.000000	7.481811	5310	0.000000
281474976710655.000000	7.441819	5311	0.000000
281474976710655.000000	7.260550	5312	0.000000
281474976710655.000000	7.388225	5313	0.000000
281474976710655.000000	7.344443	5314	0.000000
281474976710655.000000	7.359738	5315	0.000000
281474976710655.000000	7.427697	5316	0.000000
281474976710655.000000	7.527285	5317	0.000000
281474976710655.000000	7.490634	5318	0.000000
281474976710655.000000	7.439497	5319	0.000000
281474976710655.000000	7.301653	5320	0.000000
281474976710655.000000	7.188372	5321	0.000000
281474976710655.000000	7.408888	5322	0.000000
281474976710655.000000	7.145255	5323	0.000000
281474976710655.000000	7.243614	5324	0.000000
281474976710655.000000	7.262897	5325	0.000000
281474976710655.000000	7.122719	5326	0.000000
281474976710655.000000	7.314088	5327	0.000000
281474976710655.000000	7.291734	5328	0.000000
281474976710655.000000	7.428244	5329	0.000000
281474976710655.000000	7.363573	5330	0.000000
281474976710655.000000	7.071938	5331	0.000000
281474976710655.000000	7.116730	5332	0.000000
281474976710655.000000	7.188881	5333	0.000000
281474976710655.000000	6.904469	5334	0.000000
281474976710655.000000	7.271060	5335	0.000000
281474976710655.000000	7.309751	5336	0.000000
281474976710655.000000	7.273639	5337	0.000000
281474976710655.000000	7.294105	5338	0.000000
281474976710655.000000	7.190154	5339	0.000000
281474976710655.000000	7.150912	5340	0.000000
281474976710655.000000	7.263658	5341	0.000000
281474976710655.000000	7.020222	5342	0.000000
281474976710655.000000	7.344022	5343	0.000000
281474976710655.000000	7.172101	5344	0.000000
281474976710655.000000	7.366999	5345	0.000000
281474976710655.000000	7.155267	5346	0.000000
281474976710655.000000	7.045767	5347	0.000000
281474976710655.000000	7.291865	5348	0.000000
281474976710655.000000	6.985530	5349	0.000000
281474976710655.000000	7.178063	5350	0.000000
281474976710655.000000	6.954137	5351	0.000000
281474976710655.000000	6.904311	5352	0.000000
281474976710655.000000	7.021828	5353	0.000000
281474976710655.000000	6.960024	5354	0.000000
281474976710655.000000	7.064255	5355	0.000000
281474976710655.000000	7.027308	5356	0.000000
281474976710655.000000	7.233971	5357	0.000000
281474976710655.000000	7.081811	5358	0.000000
281474976710655.000000	7.255137	5359	0.000000
281474976710655.000000	7.282443	5360	0.000000
281474976710655.000000	7.119689	5361	0.000000
281474976710655.000000	7.067204	5362	0.000000
281474976710655.000000	6.874722	5363	0.000000
281474976710655.000000	6.636526	5364	0.000000
281474976710655.000000	6.991390	5365	0.000000
281474976710655.000000	6.789725	5366	0.000000
281474976710655.000000	7.005590	5367	0.000000
281474976710655.000000	7.045127	5368	0.000000
281474976710655.000000	7.120000	5369	0.000000
281474976710655.000000	7.071833	5370	0.000000
281474976710655.000000	6.965007	5371	0.000000
281474976710655.000000	7.010120	5372	0.000000
281474976710655.000000	6.997893	5373	0.000000
281474976710655.000000	6.972073	5374	0.000000
281474976710655.000000	6.904306	5375	0.000000
281474976710655.000000	6.876750	5376	0.000000
281474976710655.000000	6.966434	5377	0.000000
281474976710655.000000	6.922648	5378	0.000000
281474976710655.000000	6.975926	5379	0.000000
281474976710655.000000	6.866798	5380	0.000000
281474976710655.000000	6.656748	5381	0.000000
281474976710655.000000	6.886813	5382	0.000000
281474976710655.000000	6.852045	5383	0.000000
281474976710655.000000	6.667313	5384	0.000000
281474976710655.000000	6.932737	5385	0.000000
281474976710655.000000	6.753591	5386	0.000000
281474976710655.000000	6.940269	5387	0.000000
281474976710655.000000	6.817585	5388	0.000000
281474976710655.000000	6.784192	5389	0.000000
281474976710655.000000	6.857512	5390	0.000000
281474976710655.000000	6.818023	5391	0.000000
281474976710655.000000	6.843699	5392	0.000000
281474976710655.000000	6.734385	5393	0.000000
281474976710655.000000	6.758878	5394	0.000000
281474976710655.000000	6.691928	5395	0.000000
281474976710655.000000	6.722786	5396	0.000000
281474976710655.000000	6.753616	5397	0.000000
281474976710655.000000	6.628539	5398	0.000000
281474976710655.000000	6.734083	5399	0.000000
281474976710655.000000	6.794337	5400	0.000000
281474976710655.000000	6.852639	5401	0.000000
281474976710655.000000	6.729965	5402	0.000000
281474976710655.000000	6.736532	5403	0.000000
281474976710655.000000	6.734593	5404	0.000000
281474976710655.000000	6.520682	5405	0.000000
281474976710655.000000	6.731799	5406	0.000000
281474976710655.000000	6.509032	5407	0.000000
281474976710655.000000	6.583813	5408	0.000000
281474976710655.000000	6.680491	5409	0.000000
281474976710655.000000	6.561918	5410	0.000000
281474976710655.000000	6.664256	5411	0.000000
281474976710655.000000	8.614498	5412	0.000000
281474976710655.000000	31.944981	5413	0.000000
281474976710655.000000	40.081570	5414	0.000000
281474976710655.000000	34.540516	5415	0.000000
281474976710655.000000	29.197453	5416	0.000000
281474976710655.000000	37.927563	5417	0.000000
281474976710655.000000	32.348866	5418	0.000000
281474976710655.000000	40.408520	5419	0.000000
281474976710655.000000	40.493961	5420	0.000000
281474976710655.000000	44.675488	5421	0.000000
281474976710655.000000	34.278633	5422	0.000000
281474976710655.000000	43.206585	5423	0.000000
281474976710655.000000	38.978531	5424	0.000000
281474976710655.000000	38.972855	5425	0.000000
281474976710655.000000	40.769138	5426	0.000000
281474976710655.000000	29.738384	5427	0.000000
281474976710655.000000	29.363565	5428	0.000000
281474976710655.000000	40.739407	5429	0.000000
281474976710655.000000	33.347202	5430	0.000000
281474976710655.000000	39.844078	5431	0.000000
281474976710655.000000	31.487297	5432	0.000000
281474976710655.000000	35.682541	5433	0.000000
281474976710655.000000	36.348091	5434	0.000000
281474976710655.000000	45.148315	5435	0.000000
281474976710655.000000	35.641968	5436	0.000000
281474976710655.000000	35.034981	5437	0.000000
281474976710655.000000	45.903908	5438	0.000000
281474976710655.000000	35.921646	5439	0.000000
281474976710655.000000	43.906879	5440	0.000000
281474976710655.000000	27.585518	5441	0.000000
281474976710655.000000	36.712433	5442	0.000000
281474976710655.000000	48.589691	5443	0.000000
281474976710655.000000	33.401237	5444	0.000000
281474976710655.000000	36.243996	5445	0.000000
281474976710655.000000	37.967365	5446	0.000000
281474976710655.000000	28.519468	5447	0.000000
281474976710655.000000	33.763714	5448	0.000000
281474976710655.000000	37.600899	5449	0.000000
281474976710655.000000	32.707973	5450	0.000000
281474976710655.000000	39.069996	5451	0.000000
281474976710655.000000	44.803734	5452	0.000000
281474976710655.000000	34.401424	5453	0.000000
281474976710655.000000	30.343904	5454	0.000000
281474976710655.000000	44.251575	5455	0.000000
281474976710655.000000	46.274212	5456	0.000000
281474976710655.000000	29.318932	5457	0.000000
281474976710655.000000	36.962036	5458	0.000000
281474976710655.000000	39.380207	5459	0.000000
281474976710655.000000	35.840107	5460	0.000000
281474976710655.000000	43.327255	5461	0.000000
281474976710655.000000	39.959400	5462	0.000000
281474976710655.000000	28.636106	5463	0.000000
281474976710655.000000	28.047676	5464	0.000000
281474976710655.000000	44.273735	5465	0.000000
281474976710655.000000	42.357582	5466	0.000000
281474976710655.000000	31.453476	5467	0.000000
281474976710655.000000	32.273579	5468	0.000000
281474976710655.000000	31.893736	5469	0.000000
281474976710655.000000	31.492287	5470	0.000000
281474976710655.000000	34.107933	5471	0.000000
281474976710655.000000	40.710926	5472	0.000000
281474976710655.000000	27.655365	5473	0.000000
281474976710655.000000	27.288378	5474	0.000000
281474976710655.000000	34.348091	5475	0.000000
281474976710655.000000	37.571705	5476	0.000000
281474976710655.000000	39.399994	5477	0.000000
281474976710655.000000	38.765450	5478	0.000000
281474976710655.000000	38.358356	5479	0.000000
281474976710655.000000	32.905975	5480	0.000000
281474976710655.000000	47.703358	5481	0.000000
281474976710655.000000	34.337173	5482	0.000000
281474976710655.000000	38.362900	5483	0.000000
281474976710655.000000	37.364986	5484	0.000000
281474976710655.000000	40.859299	5485	0.000000
281474976710655.000000	29.082546	5486	0.000000
281474976710655.000000	31.385592	5487	0.000000
281474976710655.000000	32.818764	5488	0.000000
281474976710655.000000	28.852467	5489	0.000000
281474976710655.000000	44.759945	5490	0.000000
281474976710655.000000	35.622528	5491	0.000000
281474976710655.000000	35.843269	5492	0.000000
281474976710655.000000	32.431549	5493	0.000000
281474976710655.000000	35.978592	5494	0.000000
281474976710655.000000	28.050489	5495	0.000000
281474976710655.000000	40.147442	5496	0.000000
281474976710655.000000	32.908142	5497	0.000000
281474976710655.000000	40.340637	5498	0.000000
281474976710655.000000	42.849163	5499	0.000000
281474976710655.000000	39.863354	5500	0.000000
281474976710655.000000	28.719463	5501	0.000000
281474976710655.000000	27.026011	5502	0.000000
281474976710655.000000	38.357807	5503	0.000000
281474976710655.000000	27.083467	5504	0.000000
281474976710655.000000	6.810258	5505	0.000000
281474976710655.000000	138.470444	5506	0.000000
281474976710655.000000	26.342028	5507	0.000000
281474976710655.000000	26.303993	5508	0.000000
281474976710655.000000	42.515965	5509	0.000000
281474976710655.000000	26.786026	5510	0.000000
281474976710655.000000	28.872982	5511	0.000000
281474976710655.000000	30.509514	5512	0.000000
281474976710655.000000	40.580063	5513	0.000000
281474976710655.000000	31.347191	5514	0.000000
281474976710655.000000	24.831604	5515	0.000000
281474976710655.000000	30.776611	5516	0.000000
281474976710655.000000	32.226830	5517	0.000000
281474976710655.000000	21.706087	5518	0.000000
281474976710655.000000	29.907593	5519	0.000000
281474976710655.000000	31.621229	5520	0.000000
281474976710655.000000	30.396217	5521	0.000000
281474976710655.000000	29.529413	5522	0.000000
281474976710655.000000	28.821159	5523	0.000000
281474976710655.000000	29.685640	5524	0.000000
281474976710655.000000	35.852028	5525	0.000000
281474976710655.000000	37.490105	5526	0.000000
281474976710655.000000	40.187759	5527	0.000000
281474976710655.000000	42.785530	5528	0.000000
281474976710655.000000	35.240707	5529	0.000000
281474976710655.000000	29.148437	5530	0.000000
281474976710655.000000	28.024317	5531	0.000000
281474976710655.000000	32.252651	5532	0.000000
281474976710655.000000	30.274454	5533	0.000000
281474976710655.000000	38.395645	5534	0.000000
281474976710655.000000	37.355568	5535	0.000000
281474976710655.000000	30.188690	5536	0.000000
281474976710655.000000	41.377018	5537	0.000000
281474976710655.000000	41.201527	5538	0.000000
281474976710655.000000	27.221807	5539	0.000000
281474976710655.000000	37.015755	5540	0.000000
281474976710655.000000	27.519337	5541	0.000000
281474976710655.000000	30.192604	5542	0.000000
281474976710655.000000	30.720118	5543	0.000000
281474976710655.000000	36.770725	5544	0.000000
281474976710655.000000	31.842651	5545	0.000000
281474976710655.000000	25.655512	5546	0.000000
281474976710655.000000	40.886154	5547	0.000000
281474976710655.000000	36.074211	5548	0.000000
281474976710655.000000	28.828562	5549	0.000000
281474976710655.000000	34.148502	5550	0.000000
281474976710655.000000	35.274414	5551	0.000000
281474976710655.000000	34.387352	5552	0.000000
281474976710655.000000	24.512051	5553	0.000000
281474976710655.000000	35.304100	5554	0.000000
281474976710655.000000	38.369453	5555	0.000000
281474976710655.000000	29.128307	5556	0.000000
281474976710655.000000	27.104786	5557	0.000000
281474976710655.000000	30.841152	5558	0.000000
281474976710655.000000	36.585144	5559	0.000000
281474976710655.000000	39.887886	5560	0.000000
281474976710655.000000	32.898651	5561	0.000000
281474976710655.000000	25.866367	5562	0.000000
281474976710655.000000	38.037540	5563	0.000000
281474976710655.000000	39.238056	5564	0.000000
281474976710655.000000	29.581074	5565	0.000000
281474976710655.000000	28.263453	5566	0.000000
281474976710655.000000	41.929905	5567	0.000000
281474976710655.000000	37.035995	5568	0.000000
281474976710655.000000	29.135141	5569	0.000000
281474976710655.000000	31.605494	5570	0.000000
281474976710655.000000	35.266476	5571	0.000000
281474976710655.000000	36.449394	5572	0.000000
281474976710655.000000	24.130707	5573	0.000000
281474976710655.000000	30.314585	5574	0.000000
281474976710655.000000	42.689899	5575	0.000000
281474976710655.000000	32.515896	5576	0.000000
281474976710655.000000	30.042406	5577	0.000000
281474976710655.000000	28.350243	5578	0.000000
281474976710655.000000	32.922623	5579	0.000000
281474976710655.000000	37.705429	5580	0.000000
281474976710655.000000	26.511232	5581	0.000000
281474976710655.000000	31.531433	5582	0.000000
281474976710655.000000	29.537663	5583	0.000000
281474976710655.000000	31.897562	5584	0.000000
281474976710655.000000	31.367966	5585	0.000000
281474976710655.000000	35.666164	5586	0.000000
281474976710655.000000	28.664389	5587	0.000000
281474976710655.000000	28.586157	5588	0.000000
281474976710655.000000	31.581156	5589	0.000000
281474976710655.000000	32.499870	5590	0.000000
281474976710655.000000	33.557861	5591	0.000000
281474976710655.000000	31.402779	5592	0.000000
281474976710655.000000	28.560839	5593	0.000000
281474976710655.000000	27.606678	5594	0.000000
281474976710655.000000	36.135612	5595	0.000000
281474976710655.000000	33.697205	5596	0.000000
281474976710655.000000	30.376110	5597	0.000000
281474976710655.000000	28.197943	5598	0.000000
281474976710655.000000	31.625286	5599	0.000000
281474976710655.000000	30.415571	5600	0.000000
281474976710655.000000	29.270527	5601	0.000000
281474976710655.000000	37.960293	5602	0.000000
281474976710655.000000	26.128799	5603	0.000000
281474976710655.000000	32.678104	5604	0.000000
281474976710655.000000	27.281897	5605	0.000000
281474976710655.000000	30.331360	5606	0.000000
281474976710655.000000	32.294674	5607	0.000000
281474976710655.000000	34.128681	5608	0.000000
281474976710655.000000	23.842545	5609	0.000000
281474976710655.000000	33.591896	5610	0.000000
281474976710655.000000	32.777431	5611	0.000000
281474976710655.000000	33.709682	5612	0.000000
281474976710655.000000	27.642176	5613	0.000000
281474976710655.000000	26.663343	5614	0.000000
281474976710655.000000	38.406239	5615	0.000000
281474976710655.000000	36.377876	5616	0.000000
281474976710655.000000	30.567797	5617	0.000000
281474976710655.000000	28.789286	5618	0.000000
281474976710655.000000	31.814953	5619	0.000000
281474976710655.000000	33.304474	5620	0.000000
281474976710655.000000	30.679857	5621	0.000000
281474976710655.000000	27.226439	5622	0.000000
281474976710655.000000	30.032364	5623	0.000000
281474976710655.000000	25.259356	5624	0.000000
281474976710655.000000	32.535900	5625	0.000000
281474976710655.000000	29.277367	5626	0.000000
281474976710655.000000	38.734604	5627	0.000000
281474976710655.000000	32.569286	5628	0.000000
281474976710655.000000	30.001299	5629	0.000000
281474976710655.000000	25.447380	5630	0.000000
281474976710655.000000	27.057205	5631	0.000000
281474976710655.000000	28.101065	5632	0.000000
281474976710655.000000	30.692480	5633	0.000000
281474976710655.000000	29.784519	5634	0.000000
281474976710655.000000	28.204140	5635	0.000000
281474976710655.000000	28.396484	5636	0.000000
281474976710655.000000	25.791506	5637	0.000000
281474976710655.000000	28.482853	5638	0.000000
281474976710655.000000	29.618092	5639	0.000000
281474976710655.000000	32.556732	5640	0.000000
281474976710655.000000	32.604328	5641	0.000000
281474976710655.000000	33.838551	5642	0.000000
281474976710655.000000	30.373669	5643	0.000000
281474976710655.000000	31.204039	5644	0.000000
281474976710655.000000	27.767166	5645	0.000000
281474976710655.000000	31.116631	5646	0.000000
281474976710655.000000	24.341236	5647	0.000000
281474976710655.000000	26.246771	5648	0.000000
281474976710655.000000	29.190790	5649	0.000000
281474976710655.000000	29.700668	5650	0.000000
281474976710655.000000	36.573532	5651	0.000000
281474976710655.000000	28.568111	5652	0.000000
281474976710655.000000	30.005527	5653	0.000000
281474976710655.000000	27.464064	5654	0.000000
281474976710655.000000	32.101261	5655	0.000000
281474976710655.000000	29.955845	5656	0.000000
281474976710655.000000	39.015202	5657	0.000000
281474976710655.000000	33.718491	5658	0.000000
281474976710655.000000	33.632374	5659	0.000000
281474976710655.000000	30.811335	5660	0.000000
281474976710655.000000	27.429199	5661	0.000000
281474976710655.000000	29.468464	5662	0.000000
281474976710655.000000	26.644817	5663	0.000000
281474976710655.000000	29.683237	5664	0.000000
281474976710655.000000	31.511089	5665	0.000000
281474976710655.000000	33.874863	5666	0.000000
281474976710655.000000	26.942808	5667	0.000000
281474976710655.000000	30.306391	5668	0.000000
281474976710655.000000	31.597857	5669	0.000000
281474976710655.000000	32.689297	5670	0.000000
281474976710655.000000	29.992096	5671	0.000000
281474976710655.000000	26.181890	5672	0.000000
281474976710655.000000	27.687817	5673	0.000000
281474976710655.000000	22.585487	5674	0.000000
281474976710655.000000	29.421186	5675	0.000000
281474976710655.000000	25.544960	5676	0.000000
281474976710655.000000	29.947300	5677	0.000000
281474976710655.000000	32.333294	5678	0.000000
281474976710655.000000	25.542723	5679	0.000000
281474976710655.000000	25.299631	5680	0.000000
281474976710655.000000	30.677090	5681	0.000000
281474976710655.000000	29.803276	5682	0.000000
281474976710655.000000	28.218859	5683	0.000000
281474976710655.000000	27.708542	5684	0.000000
281474976710655.000000	25.150118	5685	0.000000
281474976710655.000000	29.318750	5686	0.000000
281474976710655.000000	30.041418	5687	0.000000
281474976710655.000000	27.105610	5688	0.000000
281474976710655.000000	25.141891	5689	0.000000
281474976710655.000000	27.450253	5690	0.000000
281474976710655.000000	24.654140	5691	0.000000
281474976710655.000000	26.778889	5692	0.000000
281474976710655.000000	27.501766	5693	0.000000
281474976710655.000000	28.032276	5694	0.000000
281474976710655.000000	30.355440	5695	0.000000
281474976710655.000000	23.862131	5696	0.000000
281474976710655.000000	25.267452	5697	0.000000
281474976710655.000000	27.653681	5698	0.000000
281474976710655.000000	27.198093	5699	0.000000
281474976710655.000000	23.949823	5700	0.000000
281474976710655.000000	29.666014	5701	0.000000
281474976710655.000000	29.564791	5702	0.000000
281474976710655.000000	25.974308	5703	0.000000
281474976710655.000000	25.370737	5704	0.000000
281474976710655.000000	22.645615	5705	0.000000
281474976710655.000000	29.347486	5706	0.000000
281474976710655.000000	33.585381	5707	0.000000
281474976710655.000000	22.934513	5708	0.000000
281474976710655.000000	28.705975	5709	0.000000
281474976710655.000000	25.863482	5710	0.000000
281474976710655.000000	29.048605	5711	0.000000
281474976710655.000000	28.505119	5712	0.000000
281474976710655.000000	24.692732	5713	0.000000
281474976710655.000000	28.677063	5714	0.000000
281474976710655.000000	24.873987	5715	0.000000
281474976710655.000000	25.202137	5716	0.000000
281474976710655.000000	28.762110	5717	0.000000
281474976710655.000000	29.739943	5718	0.000000
281474976710655.000000	28.359108	5719	0.000000
281474976710655.000000	26.994081	5720	0.000000
281474976710655.000000	24.422619	5721	0.000000
281474976710655.000000	25.916939	5722	0.000000
281474976710655.000000	28.605278	5723	0.000000
281474976710655.000000	28.934357	5724	0.000000
281474976710655.000000	26.850729	5725	0.000000
281474976710655.000000	25.641115	5726	0.000000
281474976710655.000000	25.011293	5727	0.000000
281474976710655.000000	28.572592	5728	0.000000
281474976710655.000000	23.012133	5729	0.000000
281474976710655.000000	23.375586	5730	0.000000
281474976710655.000000	25.408987	5731	0.000000
281474976710655.000000	26.791443	5732	0.000000
281474976710655.000000	32.462818	5733	0.000000
281474976710655.000000	27.037947	5734	0.000000
281474976710655.000000	25.963190	5735	0.000000
281474976710655.000000	27.860968	5736	0.000000
281474976710655.000000	23.699598	5737	0.000000
281474976710655.000000	31.780695	5738	0.000000
281474976710655.000000	25.321922	5739	0.000000
281474976710655.000000	22.960203	5740	0.000000
281474976710655.000000	23.329279	5741	0.000000
281474976710655.000000	26.270451	5742	0.000000
281474976710655.000000	24.108519	5743	0.000000
281474976710655.000000	27.124321	5744	0.000000
281474976710655.000000	25.392786	5745	0.000000
281474976710655.000000	23.538090	5746	0.000000
281474976710655.000000	28.752504	5747	0.000000
281474976710655.000000	26.789911	5748	0.000000
281474976710655.000000	23.513411	5749	0.000000
281474976710655.000000	28.222755	5750	0.000000
281474976710655.000000	28.458403	5751	0.000000
281474976710655.000000	31.139780	5752	0.000000
281474976710655.000000	25.118841	5753	0.000000
281474976710655.000000	23.402140	5754	0.000000
281474976710655.000000	23.887403	5755	0.000000
281474976710655.000000	26.041061	5756	0.000000
281474976710655.000000	22.133038	5757	0.000000
281474976710655.000000	27.091160	5758	0.000000
281474976710655.000000	25.408701	5759	0.000000
281474976710655.000000	29.554630	5760	0.000000
281474976710655.000000	27.601063	5761	0.000000
281474976710655.000000	23.892834	5762	0.000000
281474976710655.000000	25.537807	5763	0.000000
281474976710655.000000	22.477655	5764	0.000000
281474976710655.000000	24.147627	5765	0.000000
281474976710655.000000	23.489923	5766	0.000000
281474976710655.000000	24.206106	5767	0.000000
281474976710655.000000	25.450222	5768	0.000000
281474976710655.000000	26.736883	5769	0.000000
281474976710655.000000	26.937033	5770	0.000000
281474976710655.000000	22.141434	5771	0.000000
281474976710655.000000	23.527113	5772	0.000000
281474976710655.000000	23.584843	5773	0.000000
281474976710655.000000	22.923931	5774	0.000000
281474976710655.000000	22.440544	5775	0.000000
281474976710655.000000	25.873163	5776	0.000000
281474976710655.000000	27.532890	5777	0.000000
281474976710655.000000	23.425011	5778	0.000000
281474976710655.000000	23.582989	5779	0.000000
281474976710655.000000	25.109417	5780	0.000000
281474976710655.000000	26.605150	5781	0.000000
281474976710655.000000	24.739618	5782	0.000000
281474976710655.000000	23.352169	5783	0.000000
281474976710655.000000	24.156858	5784	0.000000
281474976710655.000000	25.663298	5785	0.000000
281474976710655.000000	25.324011	5786	0.000000
281474976710655.000000	25.166796	5787	0.000000
281474976710655.000000	27.463169	5788	0.000000
281474976710655.000000	15.483391	5789	0.000000
281474976710655.000000	154.008469	5790	0.000000
281474976710655.000000	Inf	5791	0.000000
281474976710655.000000	143.343750	5792	0.000000
281474976710655.000000	113.120193	5793	0.000000
281474976710655.000000	Inf	5794	0.000000
281474976710655.000000	6.096426	5795	0.000000
281474976710655.000000	6.142343	5796	0.000000
281474976710655.000000	6.229974	5797	0.000000
281474976710655.000000	77.957367	5798	0.000000
281474976710655.000000	-13.243502	5799	0.000000
281474976710655.000000	77.146652	5800	0.000000
281474976710655.000000	Inf	5801	0.000000
281474976710655.000000	Inf	5802	0.000000
281474976710655.000000	71.810638	5803	0.000000
281474976710655.000000	Inf	5804	0.000000
281474976710655.000000	Inf	5805	0.000000
281474976710655.000000	169.486191	5806	0.000000
281474976710655.000000	110.854912	5807	0.000000
281474976710655.000000	Inf	5808	0.000000
281474976710655.000000	78.736038	5809	0.000000
281474976710655.000000	45.564709	5810	0.000000
281474976710655.000000	6.158254	5811	0.000000
281474976710655.000000	97.822548	5812	0.000000
281474976710655.000000	125.104309	5813	0.000000
281474976710655.000000	240.174469	5814	0.000000
281474976710655.000000	54.029461	5815	0.000000
281474976710655.000000	61.691868	5816	0.000000
281474976710655.000000	116.057365	5817	0.000000
281474976710655.000000	83.217743	5818	0.000000
281474976710655.000000	Inf	5819	0.000000
281474976710655.000000	Inf	5820	0.000000
281474976710655.000000	Inf	5821	0.000000
281474976710655.000000	Inf	5822	0.000000
281474976710655.000000	Inf	5823	0.000000
281474976710655.000000	Inf	5824	0.000000
281474976710655.000000	Inf	5825	0.000000
281474976710655.000000	Inf	5826	0.000000
281474976710655.000000	Inf	5827	0.000000
281474976710655.000000	Inf	5828	0.000000
281474976710655.000000	Inf	5829	0.000000
281474976710655.000000	Inf	5830	0.000000
281474976710655.000000	Inf	5831	0.000000
281474976710655.000000	Inf	5832	0.000000
281474976710655.000000	Inf	5833	0.000000
281474976710655.000000	Inf	5834	0.000000
281474976710655.000000	Inf	5835	0.000000
281474976710655.000000	Inf	5836	0.000000
281474976710655.000000	Inf	5837	0.000000
281474976710655.000000	Inf	5838	0.000000
281474976710655.000000	Inf	5839	0.000000
281474976710655.000000	Inf	5840	0.000000
281474976710655.000000	Inf	5841	0.000000
281474976710655.000000	Inf	5842	0.000000
281474976710655.000000	Inf	5843	0.000000
281474976710655.000000	Inf	5844	0.000000
281474976710655.000000	Inf	5845	0.000000
281474976710655.000000	Inf	5846	0.000000
281474976710655.000000	Inf	5847	0.000000
281474976710655.000000	Inf	5848	0.000000
281474976710655.000000	Inf	5849	0.000000
281474976710655.000000	Inf	5850	0.000000
281474976710655.000000	Inf	5851	0.000000
281474976710655.000000	Inf	5852	0.000000
281474976710655.000000	Inf	5853	0.000000
281474976710655.000000	Inf	5854	0.000000
281474976710655.000000	Inf	5855	0.000000
281474976710655.000000	Inf	5856	0.000000
281474976710655.000000	Inf	5857	0.000000
281474976710655.000000	Inf	5858	0.000000
281474976710655.000000	3.940901	5859	0.000000
281474976710655.000000	4.111424	5860	0.000000
281474976710655.000000	4.010315	5861	0.000000
281474976710655.000000	3.861544	5862	0.000000
281474976710655.000000	3.991066	5863	0.000000
281474976710655.000000	3.931400	5864	0.000000
281474976710655.000000	4.189250	5865	0.000000
281474976710655.000000	3.671353	5866	0.000000
281474976710655.000000	3.825851	5867	0.000000
281474976710655.000000	3.847700	5868	0.000000
281474976710655.000000	3.834798	5869	0.000000
281474976710655.000000	3.886274	5870	0.000000
281474976710655.000000	3.753856	5871	0.000000
281474976710655.000000	4.153869	5872	0.000000
281474976710655.000000	4.409118	5873	0.000000
281474976710655.000000	3.911838	5874	0.000000
281474976710655.000000	3.858291	5875	0.000000
281474976710655.000000	3.285344	5876	0.000000
281474976710655.000000	3.257796	5877	0.000000
281474976710655.000000	3.436364	5878	0.000000
281474976710655.000000	2.557163	5879	0.000000
281474976710655.000000	1.964453	5880	0.000000
281474976710655.000000	1.761950	5881	0.000000
281474976710655.000000	1.829167	5882	0.000000
281474976710655.000000	1.288863	5883	0.000000
281474976710655.000000	1.100022	5884	0.000000
281474976710655.000000	1.159942	5885	0.000000
281474976710655.000000	1.975579	5886	0.000000
281474976710655.000000	2.888602	5887	0.000000
281474976710655.000000	1.523681	5888	0.000000
281474976710655.000000	1.683515	5889	0.000000
281474976710655.000000	1.431718	5890	0.000000
281474976710655.000000	1.674226	5891	0.000000
281474976710655.000000	2.078929	5892	0.000000
281474976710655.000000	2.049716	5893	0.000000
281474976710655.000000	1.662133	5894	0.000000
281474976710655.000000	2.149670	5895	0.000000
281474976710655.000000	1.749176	5896	0.000000
281474976710655.000000	14.916009	5897	0.000000
281474976710655.000000	3.537884	5898	0.000000
281474976710655.000000	1.706531	5899	0.000000
281474976710655.000000	1.164924	5900	0.000000
281474976710655.000000	3.377649	5901	0.000000
281474976710655.000000	1.843380	5902	0.000000
281474976710655.000000	4.450791	5903	0.000000
281474976710655.000000	4.477381	5904	0.000000
281474976710655.000000	4.805498	5905	0.000000
281474976710655.000000	1.740166	5906	0.000000
281474976710655.000000	6.407366	5907	0.000000
281474976710655.000000	5.526982	5908	0.000000
281474976710655.000000	4.707155	5909	0.000000
281474976710655.000000	3.371490	5910	0.000000
281474976710655.000000	1.813276	5911	0.000000
281474976710655.000000	3.400451	5912	0.000000
281474976710655.000000	4.089808	5913	0.000000
281474976710655.000000	10.939393	5914	0.000000
281474976710655.000000	9.165738	5915	0.000000
281474976710655.000000	3.750973	5916	0.000000
281474976710655.000000	4.915961	5917	0.000000
281474976710655.000000	10.483252	5918	0.000000
281474976710655.000000	8.338340	5919	0.000000
281474976710655.000000	2.608420	5920	0.000000
281474976710655.000000	-2.299078	5921	0.000000
281474976710655.000000	0.947777	5922	0.000000
281474976710655.000000	-2.421926	5923	0.000000
281474976710655.000000	3.741832	5924	0.000000
281474976710655.000000	6.006769	5925	0.000000
281474976710655.000000	4.211677	5926	0.000000
281474976710655.000000	8.871552	5927	0.000000
281474976710655.000000	1.202589	5928	0.000000
281474976710655.000000	2.114387	5929	0.000000
281474976710655.000000	2.308388	5930	0.000000
281474976710655.000000	2.190104	5931	0.000000
281474976710655.000000	2.409504	5932	0.000000
281474976710655.000000	2.078829	5933	0.000000
281474976710655.000000	2.211899	5934	0.000000
281474976710655.000000	2.011247	5935	0.000000
281474976710655.000000	2.253887	5936	0.000000
281474976710655.000000	2.000774	5937	0.000000
281474976710655.000000	2.114999	5938	0.000000
281474976710655.000000	1.907641	5939	0.000000
281474976710655.000000	2.153016	5940	0.000000
281474976710655.000000	1.952635	5941	0.000000
281474976710655.000000	2.150383	5942	0.000000
281474976710655.000000	1.900040	5943	0.000000
281474976710655.000000	2.087153	5944	0.000000
281474976710655.000000	1.879995	5945	0.000000
281474976710655.000000	2.063978	5946	0.000000
281474976710655.000000	1.874801	5947	0.000000
281474976710655.000000	2.086296	5948	0.000000
281474976710655.000000	7.422135	5949	0.000000
281474976710655.000000	3.291597	5950	0.000000
281474976710655.000000	2.036884	5951	0.000000
281474976710655.000000	3.065244	5952	0.000000
281474976710655.000000	2.882957	5953	0.000000
281474976710655.000000	0.911671	5954	0.000000
281474976710655.000000	2.808053	5955	0.000000
281474976710655.000000	3.726843	5956	0.000000
281474976710655.000000	2.117196	5957	0.000000
281474976710655.000000	2.447317	5958	0.000000
281474976710655.000000	1.869422	5959	0.000000
281474976710655.000000	1.705716	5960	0.000000
281474976710655.000000	1.804117	5961	0.000000
281474976710655.000000	1.664886	5962	0.000000
281474976710655.000000	1.805589	5963	0.000000
281474976710655.000000	17.858141	5964	0.000000
281474976710655.000000	58.892986	5965	0.000000
281474976710655.000000	96.960785	5966	0.000000
281474976710655.000000	71.180618	5967	0.000000
281474976710655.000000	101.121628	5968	0.000000
281474976710655.000000	59.621719	5969	0.000000
281474976710655.000000	62.333038	5970	0.000000
281474976710655.000000	44.175938	5971	0.000000
281474976710655.000000	65.138885	5972	0.000000
281474976710655.000000	60.660366	5973	0.000000
281474976710655.000000	64.743217	5974	0.000000
281474976710655.000000	69.988289	5975	0.000000
281474976710655.000000	63.988091	5976	0.000000
281474976710655.000000	97.857323	5977	0.000000
281474976710655.000000	44.293377	5978	0.000000
281474976710655.000000	63.517040	5979	0.000000
281474976710655.000000	60.910263	5980	0.000000
281474976710655.000000	61.863239	5981	0.000000
281474976710655.000000	65.044365	5982	0.000000
281474976710655.000000	64.799179	5983	0.000000
281474976710655.000000	64.321777	5984	0.000000
281474976710655.000000	62.610077	5985	0.000000
281474976710655.000000	64.233337	5986	0.000000
281474976710655.000000	74.022476	5987	0.000000
281474976710655.000000	103.555382	5988	0.000000
281474976710655.000000	65.174843	5989	0.000000
281474976710655.000000	31.073601	5990	0.000000
281474976710655.000000	61.065380	5991	0.000000
281474976710655.000000	65.127304	5992	0.000000
281474976710655.000000	65.746033	5993	0.000000
281474976710655.000000	66.633591	5994	0.000000
281474976710655.000000	61.233055	5995	0.000000
281474976710655.000000	58.613766	5996	0.000000
281474976710655.000000	57.964050	5997	0.000000
281474976710655.000000	43.358330	5998	0.000000
281474976710655.000000	50.769386	5999	0.000000
281474976710655.000000	69.390770	6000	0.000000
281474976710655.000000	32.264412	6001	0.000000
281474976710655.000000	67.393379	6002	0.000000
281474976710655.000000	59.964394	6003	0.000000
281474976710655.000000	95.364586	6004	0.000000
281474976710655.000000	63.283459	6005	0.000000
281474976710655.000000	93.338226	6006	0.000000
281474976710655.000000	57.742428	6007	0.000000
281474976710655.000000	46.496998	6008	0.000000
281474976710655.000000	43.873974	6009	0.000000
281474976710655.000000	56.909195	6010	0.000000
281474976710655.000000	62.168526	6011	0.000000
281474976710655.000000	63.254707	6012	0.000000
281474976710655.000000	42.842922	6013	0.000000
281474976710655.000000	58.226013	6014	0.000000
281474976710655.000000	39.808674	6015	0.000000
281474976710655.000000	60.675831	6016	0.000000
281474976710655.000000	59.417294	6017	0.000000
281474976710655.000000	59.985374	6018	0.000000
281474976710655.000000	61.058979	6019	0.000000
281474976710655.000000	60.564316	6020	0.000000
281474976710655.000000	61.384605	6021	0.000000
281474976710655.000000	48.528301	6022	0.000000
281474976710655.000000	60.482475	6023	0.000000
281474976710655.000000	61.039608	6024	0.000000
281474976710655.000000	79.794136	6025	0.000000
281474976710655.000000	43.166321	6026	0.000000
281474976710655.000000	113.479149	6027	0.000000
281474976710655.000000	51.679115	6028	0.000000
281474976710655.000000	56.864254	6029	0.000000
281474976710655.000000	57.212845	6030	0.000000
281474976710655.000000	63.483330	6031	0.000000
281474976710655.000000	68.423096	6032	0.000000
281474976710655.000000	3.960749	6033	0.000000
281474976710655.000000	14.934292	6034	0.000000
281474976710655.000000	14.381165	6035	0.000000
281474976710655.000000	15.022494	6036	0.000000
281474976710655.000000	15.083237	6037	0.000000
281474976710655.000000	14.626608	6038	0.000000
281474976710655.000000	14.342651	6039	0.000000
281474976710655.000000	15.093758	6040	0.000000
281474976710655.000000	14.753701	6041	0.000000
281474976710655.000000	14.809834	6042	0.000000
281474976710655.000000	15.178734	6043	0.000000
281474976710655.000000	14.157145	6044	0.000000
281474976710655.000000	-1.077366	6045	0.000000
281474976710655.000000	-1.027285	6046	0.000000
281474976710655.000000	-1.058642	6047	0.000000
281474976710655.000000	-1.031591	6048	0.000000
281474976710655.000000	-1.044707	6049	0.000000
281474976710655.000000	-1.005407	6050	0.000000
281474976710655.000000	-1.013571	6051	0.000000
281474976710655.000000	-1.035968	6052	0.000000
281474976710655.000000	-1.062851	6053	0.000000
281474976710655.000000	-0.999478	6054	0.000000
281474976710655.000000	-1.087900	6055	0.000000
281474976710655.000000	-1.014156	6056	0.000000
281474976710655.000000	-1.037588	6057	0.000000
281474976710655.000000	-0.982346	6058	0.000000
281474976710655.000000	-1.066534	6059	0.000000
281474976710655.000000	-1.048376	6060	0.000000
281474976710655.000000	-1.053198	6061	0.000000
281474976710655.000000	-1.068798	6062	0.000000
281474976710655.000000	-1.004357	6063	0.000000
281474976710655.000000	-1.018154	6064	0.000000
281474976710655.000000	-1.011820	6065	0.000000
281474976710655.000000	-1.095783	6066	0.000000
281474976710655.000000	-0.967364	6067	0.000000
281474976710655.000000	-1.024869	6068	0.000000
281474976710655.000000	-1.013045	6069	0.000000
281474976710655.000000	-1.016114	6070	0.000000
281474976710655.000000	-0.974911	6071	0.000000
281474976710655.000000	-1.014722	6072	0.000000
281474976710655.000000	-1.039729	6073	0.000000
281474976710655.000000	-1.051799	6074	0.000000
281474976710655.000000	-1.030568	6075	0.000000
281474976710655.000000	-1.045389	6076	0.000000
281474976710655.000000	-1.027874	6077	0.000000
281474976710655.000000	-1.088585	6078	0.000000
281474976710655.000000	-0.962989	6079	0.000000
281474976710655.000000	-1.081407	6080	0.000000
281474976710655.000000	-0.984542	6081	0.000000
281474976710655.000000	-1.029678	6082	0.000000
281474976710655.000000	-0.994871	6083	0.000000
281474976710655.000000	-0.997257	6084	0.000000
281474976710655.000000	-1.044958	6085	0.000000
281474976710655.000000	-1.062532	6086	0.000000
281474976710655.000000	-1.003957	6087	0.000000
281474976710655.000000	-0.989881	6088	0.000000
281474976710655.000000	-0.972623	6089	0.000000
281474976710655.000000	-0.993844	6090	0.000000
281474976710655.000000	-1.013521	6091	0.000000
281474976710655.000000	-1.029363	6092	0.000000
281474976710655.000000	-0.995695	6093	0.000000
281474976710655.000000	-1.065626	6094	0.000000
281474976710655.000000	-0.971923	6095	0.000000
281474976710655.000000	-0.991686	6096	0.000000
281474976710655.000000	-0.855769	6097	0.000000
281474976710655.000000	-1.036565	6098	0.000000
281474976710655.000000	-0.975412	6099	0.000000
281474976710655.000000	-0.976213	6100	0.000000
281474976710655.000000	-0.970784	6101	0.000000
281474976710655.000000	-0.962571	6102	0.000000
281474976710655.000000	-1.015047	6103	0.000000
281474976710655.000000	-0.981083	6104	0.000000
281474976710655.000000	-1.051819	6105	0.000000
281474976710655.000000	-0.995183	6106	0.000000
281474976710655.000000	-0.957558	6107	0.000000
281474976710655.000000	-0.999233	6108	0.000000
281474976710655.000000	-0.972691	6109	0.000000
281474976710655.000000	-1.020804	6110	0.000000
281474976710655.000000	-0.948277	6111	0.000000
281474976710655.000000	-1.021260	6112	0.000000
281474976710655.000000	-1.065427	6113	0.000000
281474976710655.000000	-1.054742	6114	0.000000
281474976710655.000000	-1.041554	6115	0.000000
281474976710655.000000	-0.980731	6116	0.000000
281474976710655.000000	-1.004328	6117	0.000000
281474976710655.000000	-1.018049	6118	0.000000
281474976710655.000000	-0.948358	6119	0.000000
281474976710655.000000	-0.991096	6120	0.000000
281474976710655.000000	-0.988512	6121	0.000000
281474976710655.000000	-1.008349	6122	0.000000
281474976710655.000000	-1.041433	6123	0.000000
281474976710655.000000	-1.015465	6124	0.000000
281474976710655.000000	-0.991143	6125	0.000000
281474976710655.000000	-1.037517	6126	0.000000
281474976710655.000000	-0.963428	6127	0.000000
281474976710655.000000	-0.960623	6128	0.000000
281474976710655.000000	-0.984303	6129	0.000000
281474976710655.000000	-0.996622	6130	0.000000
281474976710655.000000	-0.995138	6131	0.000000
281474976710655.000000	-1.027566	6132	0.000000
281474976710655.000000	-0.995676	6133	0.000000
281474976710655.000000	-0.973949	6134	0.000000
281474976710655.000000	-1.020639	6135	0.000000
281474976710655.000000	-0.995348	6136	0.000000
281474976710655.000000	-1.009159	6137	0.000000
281474976710655.000000	-0.964667	6138	0.000000
281474976710655.000000	-0.958378	6139	0.000000
281474976710655.000000	-0.998671	6140	0.000000
281474976710655.000000	-0.975137	6141	0.000000
281474976710655.000000	-0.980032	6142	0.000000
281474976710655.000000	-0.978923	6143	0.000000
281474976710655.000000	-0.955643	6144	0.000000
281474976710655.000000	-0.956301	6145	0.000000
281474976710655.000000	-0.955248	6146	0.000000
281474976710655.000000	-1.033865	6147	0.000000
281474976710655.000000	-0.992296	6148	0.000000
281474976710655.000000	-1.030301	6149	0.000000
281474976710655.000000	-0.991332	6150	0.000000
281474976710655.000000	-1.006235	6151	0.000000
281474976710655.000000	-1.025326	6152	0.000000
281474976710655.000000	-0.973962	6153	0.000000
281474976710655.000000	-1.025614	6154	0.000000
281474976710655.000000	-1.079934	6155	0.000000
281474976710655.000000	-1.018566	6156	0.000000
281474976710655.000000	-0.997611	6157	0.000000
281474976710655.000000	-0.999147	6158	0.000000
281474976710655.000000	-1.007811	6159	0.000000
281474976710655.000000	-1.038210	6160	0.000000
281474976710655.000000	-0.934217	6161	0.000000
281474976710655.000000	-1.008967	6162	0.000000
281474976710655.000000	-0.978344	6163	0.000000
281474976710655.000000	-0.991603	6164	0.000000
281474976710655.000000	-1.018570	6165	0.000000
281474976710655.000000	-1.007042	6166	0.000000
281474976710655.000000	-1.036939	6167	0.000000
281474976710655.000000	-1.014412	6168	0.000000
281474976710655.000000	-1.040843	6169	0.000000
281474976710655.000000	-1.052399	6170	0.000000
281474976710655.000000	-0.987140	6171	0.000000
281474976710655.000000	-0.976566	6172	0.000000
281474976710655.000000	-0.945806	6173	0.000000
281474976710655.000000	-1.008882	6174	0.000000
281474976710655.000000	-1.006184	6175	0.000000
281474976710655.000000	-0.953406	6176	0.000000
281474976710655.000000	-1.036681	6177	0.000000
281474976710655.000000	-1.029194	6178	0.000000
281474976710655.000000	-0.965808	6179	0.000000
281474976710655.000000	-0.981354	6180	0.000000
281474976710655.000000	-0.997272	6181	0.000000
281474976710655.000000	-0.930278	6182	0.000000
281474976710655.000000	-0.941291	6183	0.000000
281474976710655.000000	-1.023463	6184	0.000000
281474976710655.000000	-1.012423	6185	0.000000
281474976710655.000000	-0.999825	6186	0.000000
281474976710655.000000	-0.956558	6187	0.000000
281474976710655.000000	-1.029170	6188	0.000000
281474976710655.000000	-0.961368	6189	0.000000
281474976710655.000000	-0.991118	6190	0.000000
281474976710655.000000	-1.010136	6191	0.000000
281474976710655.000000	-1.007941	6192	0.000000
281474976710655.000000	-0.971246	6193	0.000000
281474976710655.000000	-1.019371	6194	0.000000
281474976710655.000000	-0.974174	6195	0.000000
281474976710655.000000	-1.033296	6196	0.000000
281474976710655.000000	-0.948923	6197	0.000000
281474976710655.000000	-0.988605	6198	0.000000
281474976710655.000000	-1.004854	6199	0.000000
281474976710655.000000	-0.991804	6200	0.000000
281474976710655.000000	-0.980233	6201	0.000000
281474976710655.000000	3.616785	6202	0.000000
281474976710655.000000	-0.994974	6203	0.000000
281474976710655.000000	-2.311201	6204	0.000000
281474976710655.000000	-1.125472	6205	0.000000
281474976710655.000000	-1.431952	6206	0.000000
281474976710655.000000	-1.083978	6207	0.000000
281474976710655.000000	-0.994511	6208	0.000000
281474976710655.000000	-1.041332	6209	0.000000
281474976710655.000000	-1.017010	6210	0.000000
281474976710655.000000	-1.052839	6211	0.000000
281474976710655.000000	-1.066283	6212	0.000000
281474976710655.000000	-1.071129	6213	0.000000
281474976710655.000000	-1.086205	6214	0.000000
281474976710655.000000	-1.052175	6215	0.000000
281474976710655.000000	-1.082150	6216	0.000000
281474976710655.000000	-1.057787	6217	0.000000
281474976710655.000000	-1.030644	6218	0.000000
281474976710655.000000	-1.096031	6219	0.000000
281474976710655.000000	-1.018998	6220	0.000000
281474976710655.000000	-1.038688	6221	0.000000
281474976710655.000000	-1.038794	6222	0.000000
281474976710655.000000	-1.029730	6223	0.000000
281474976710655.000000	-1.009874	6224	0.000000
281474976710655.000000	-1.029032	6225	0.000000
281474976710655.000000	-1.026852	6226	0.000000
281474976710655.000000	-1.093639	6227	0.000000
281474976710655.000000	-1.094143	6228	0.000000
281474976710655.000000	-1.076295	6229	0.000000
281474976710655.000000	-1.040106	6230	0.000000
281474976710655.000000	-1.028062	6231	0.000000
281474976710655.000000	-1.079013	6232	0.000000
281474976710655.000000	-1.038503	6233	0.000000
281474976710655.000000	-1.048973	6234	0.000000
281474976710655.000000	-1.049987	6235	0.000000
281474976710655.000000	-1.033742	6236	0.000000
281474976710655.000000	-1.039779	6237	0.000000
281474976710655.000000	-1.019539	6238	0.000000
281474976710655.000000	-0.993979	6239	0.000000
281474976710655.000000	-1.018354	6240	0.000000
281474976710655.000000	-1.079610	6241	0.000000
281474976710655.000000	-1.015082	6242	0.000000
281474976710655.000000	-1.071685	6243	0.000000
281474976710655.000000	-1.041630	6244	0.000000
281474976710655.000000	-1.033700	6245	0.000000
281474976710655.000000	-1.102027	6246	0.000000
281474976710655.000000	-1.070199	6247	0.000000
281474976710655.000000	-1.052807	6248	0.000000
281474976710655.000000	-1.044462	6249	0.000000
281474976710655.000000	-1.056402	6250	0.000000
281474976710655.000000	-1.072929	6251	0.000000
281474976710655.000000	-1.035697	6252	0.000000
281474976710655.000000	-0.996782	6253	0.000000
281474976710655.000000	-1.035515	6254	0.000000
281474976710655.000000	-1.144004	6255	0.000000
281474976710655.000000	-1.027112	6256	0.000000
281474976710655.000000	-1.115311	6257	0.000000
281474976710655.000000	-0.994974	6258	0.000000
281474976710655.000000	-1.125328	6259	0.000000
281474976710655.000000	-1.040345	6260	0.000000
281474976710655.000000	-1.067847	6261	0.000000
281474976710655.000000	-0.978393	6262	0.000000
281474976710655.000000	-1.023574	6263	0.000000
281474976710655.000000	-1.011327	6264	0.000000
281474976710655.000000	-1.036611	6265	0.000000
281474976710655.000000	-1.025731	6266	0.000000
281474976710655.000000	-1.034628	6267	0.000000
281474976710655.000000	-1.052622	6268	0.000000
281474976710655.000000	-1.093971	6269	0.000000
281474976710655.000000	-1.029230	6270	0.000000
281474976710655.000000	-1.123919	6271	0.000000
281474976710655.000000	-1.023552	6272	0.000000
281474976710655.000000	-1.112820	6273	0.000000
281474976710655.000000	-1.006602	6274	0.000000
281474976710655.000000	-0.955348	6275	0.000000
281474976710655.000000	-1.091102	6276	0.000000
281474976710655.000000	-1.010377	6277	0.000000
281474976710655.000000	-1.003515	6278	0.000000
281474976710655.000000	-1.071586	6279	0.000000
281474976710655.000000	-1.014935	6280	0.000000
281474976710655.000000	-0.967171	6281	0.000000
281474976710655.000000	-0.998248	6282	0.000000
281474976710655.000000	-1.094097	6283	0.000000
281474976710655.000000	-1.031675	6284	0.000000
281474976710655.000000	-1.060568	6285	0.000000
281474976710655.000000	-0.996431	6286	0.000000
281474976710655.000000	-1.042492	6287	0.000000
281474976710655.000000	-1.011810	6288	0.000000
281474976710655.000000	-0.992409	6289	0.000000
281474976710655.000000	-1.043067	6290	0.000000
281474976710655.000000	-1.034353	6291	0.000000
281474976710655.000000	-1.016623	6292	0.000000
281474976710655.000000	-1.013221	6293	0.000000
281474976710655.000000	-1.014737	6294	0.000000
281474976710655.000000	-1.031466	6295	0.000000
281474976710655.000000	-1.030437	6296	0.000000
281474976710655.000000	-1.109897	6297	0.000000
281474976710655.000000	-1.023188	6298	0.000000
281474976710655.000000	-0.997260	6299	0.000000
281474976710655.000000	-1.060393	6300	0.000000
281474976710655.000000	-1.002293	6301	0.000000
281474976710655.000000	-1.053369	6302	0.000000
281474976710655.000000	-1.014825	6303	0.000000
281474976710655.000000	-0.991205	6304	0.000000
281474976710655.000000	-1.002564	6305	0.000000
281474976710655.000000	-1.043571	6306	0.000000
281474976710655.000000	-1.011415	6307	0.000000
281474976710655.000000	-0.988732	6308	0.000000
281474976710655.000000	-1.045532	6309	0.000000
281474976710655.000000	-1.088845	6310	0.000000
281474976710655.000000	-1.039821	6311	0.000000
281474976710655.000000	-1.016342	6312	0.000000
281474976710655.000000	-1.031910	6313	0.000000
281474976710655.000000	-1.005327	6314	0.000000
281474976710655.000000	-1.038598	6315	0.000000
281474976710655.000000	-1.018888	6316	0.000000
281474976710655.000000	-1.022360	6317	0.000000
281474976710655.000000	-1.038660	6318	0.000000
281474976710655.000000	-1.062444	6319	0.000000
281474976710655.000000	-1.010598	6320	0.000000
281474976710655.000000	-1.008534	6321	0.000000
281474976710655.000000	-1.040959	6322	0.000000
281474976710655.000000	-1.088144	6323	0.000000
281474976710655.000000	-1.070464	6324	0.000000
281474976710655.000000	-1.031098	6325	0.000000
281474976710655.000000	-1.010697	6326	0.000000
281474976710655.000000	-1.040724	6327	0.000000
281474976710655.000000	-0.984441	6328	0.000000
281474976710655.000000	-1.080718	6329	0.000000
281474976710655.000000	-1.068702	6330	0.000000
281474976710655.000000	-1.012677	6331	0.000000
281474976710655.000000	-1.057301	6332	0.000000
281474976710655.000000	-1.030578	6333	0.000000
281474976710655.000000	-1.018182	6334	0.000000
281474976710655.000000	-1.034570	6335	0.000000
281474976710655.000000	-0.991744	6336	0.000000
281474976710655.000000	-1.002497	6337	0.000000
281474976710655.000000	-1.030533	6338	0.000000
281474976710655.000000	-1.028696	6339	0.000000
281474976710655.000000	-1.074495	6340	0.000000
281474976710655.000000	-1.033697	6341	0.000000
281474976710655.000000	-0.963131	6342	0.000000
281474976710655.000000	-1.055051	6343	0.000000
281474976710655.000000	-1.067508	6344	0.000000
281474976710655.000000	-1.067430	6345	0.000000
281474976710655.000000	-1.020907	6346	0.000000
281474976710655.000000	-1.067826	6347	0.000000
281474976710655.000000	-1.030176	6348	0.000000
281474976710655.000000	-1.001572	6349	0.000000
281474976710655.000000	-1.032150	6350	0.000000
281474976710655.000000	-1.076408	6351	0.000000
281474976710655.000000	-1.084895	6352	0.000000
281474976710655.000000	-1.063335	6353	0.000000
281474976710655.000000	-0.999755	6354	0.000000
281474976710655.000000	-1.029401	6355	0.000000
281474976710655.000000	-0.989028	6356	0.000000
281474976710655.000000	-1.073545	6357	0.000000
281474976710655.000000	-1.044997	6358	0.000000
281474976710655.000000	-1.003131	6359	0.000000
281474976710655.000000	-0.988757	6360	0.000000
281474976710655.000000	-1.021801	6361	0.000000
281474976710655.000000	-1.003582	6362	0.000000
281474976710655.000000	-1.037912	6363	0.000000
281474976710655.000000	-1.017318	6364	0.000000
281474976710655.000000	-1.109155	6365	0.000000
281474976710655.000000	-1.031476	6366	0.000000
281474976710655.000000	-1.013547	6367	0.000000
281474976710655.000000	-0.990313	6368	0.000000
281474976710655.000000	-1.049127	6369	0.000000
281474976710655.000000	-1.056560	6370	0.000000
281474976710655.000000	-0.984719	6371	0.000000
281474976710655.000000	-1.001128	6372	0.000000
281474976710655.000000	-1.014314	6373	0.000000
281474976710655.000000	-1.053020	6374	0.000000
281474976710655.000000	-0.994584	6375	0.000000
281474976710655.000000	-1.082618	6376	0.000000
281474976710655.000000	-1.065450	6377	0.000000
281474976710655.000000	-0.992665	6378	0.000000
281474976710655.000000	-1.021652	6379	0.000000
281474976710655.000000	-0.998930	6380	0.000000
281474976710655.000000	-1.107408	6381	0.000000
281474976710655.000000	-1.028733	6382	0.000000
281474976710655.000000	-0.987608	6383	0.000000
281474976710655.000000	-1.022489	6384	0.000000
281474976710655.000000	-1.035651	6385	0.000000
281474976710655.000000	-1.003415	6386	0.000000
281474976710655.000000	-0.995116	6387	0.000000
281474976710655.000000	-1.002940	6388	0.000000
281474976710655.000000	-1.030950	6389	0.000000
281474976710655.000000	-0.991762	6390	0.000000
281474976710655.000000	-1.015920	6391	0.000000
281474976710655.000000	-1.045531	6392	0.000000
281474976710655.000000	-1.032374	6393	0.000000
281474976710655.000000	-1.035615	6394	0.000000
281474976710655.000000	-0.982443	6395	0.000000
281474976710655.000000	-0.972295	6396	0.000000
281474976710655.000000	-1.021999	6397	0.000000
281474976710655.000000	-0.973963	6398	0.000000
281474976710655.000000	-1.039167	6399	0.000000
281474976710655.000000	-0.997628	6400	0.000000
281474976710655.000000	-0.981891	6401	0.000000
281474976710655.000000	-1.014123	6402	0.000000
281474976710655.000000	-1.015265	6403	0.000000
281474976710655.000000	-0.975809	6404	0.000000
281474976710655.000000	-1.012548	6405	0.000000
281474976710655.000000	-1.054927	6406	0.000000
281474976710655.000000	-1.036278	6407	0.000000
281474976710655.000000	-0.995192	6408	0.000000
281474976710655.000000	-1.066470	6409	0.000000
281474976710655.000000	-1.071802	6410	0.000000
281474976710655.000000	-1.012810	6411	0.000000
281474976710655.000000	-1.041111	6412	0.000000
281474976710655.000000	-1.001660	6413	0.000000
281474976710655.000000	-1.035550	6414	0.000000
281474976710655.000000	-1.046223	6415	0.000000
281474976710655.000000	-0.984994	6416	0.000000
281474976710655.000000	-0.963637	6417	0.000000
281474976710655.000000	-1.028870	6418	0.000000
281474976710655.000000	-1.000006	6419	0.000000
281474976710655.000000	-1.020090	6420	0.000000
281474976710655.000000	-0.987338	6421	0.000000
281474976710655.000000	-1.029197	6422	0.000000
281474976710655.000000	-0.994346	6423	0.000000
281474976710655.000000	-1.034204	6424	0.000000
281474976710655.000000	-1.035329	6425	0.000000
281474976710655.000000	-1.009632	6426	0.000000
281474976710655.000000	-1.055835	6427	0.000000
281474976710655.000000	-0.983285	6428	0.000000
281474976710655.000000	-1.048435	6429	0.000000
281474976710655.000000	-1.038688	6430	0.000000
281474976710655.000000	-1.026346	6431	0.000000
281474976710655.000000	-1.000104	6432	0.000000
281474976710655.000000	-1.008018	6433	0.000000
281474976710655.000000	-1.076556	6434	0.000000
281474976710655.000000	-0.971595	6435	0.000000
281474976710655.000000	-1.017459	6436	0.000000
281474976710655.000000	-0.994395	6437	0.000000
281474976710655.000000	-0.995762	6438	0.000000
281474976710655.000000	-1.029212	6439	0.000000
281474976710655.000000	-0.966782	6440	0.000000
281474976710655.000000	-0.961853	6441	0.000000
281474976710655.000000	-1.003744	6442	0.000000
281474976710655.000000	-1.110003	6443	0.000000
281474976710655.000000	-1.009415	6444	0.000000
281474976710655.000000	-1.036137	6445	0.000000
281474976710655.000000	-1.013342	6446	0.000000
281474976710655.000000	-1.093791	6447	0.000000
281474976710655.000000	-1.001365	6448	0.000000
281474976710655.000000	-1.065060	6449	0.000000
281474976710655.000000	-1.023279	6450	0.000000
281474976710655.000000	-1.082015	6451	0.000000
281474976710655.000000	-0.997879	6452	0.000000
281474976710655.000000	-1.068241	6453	0.000000
281474976710655.000000	-1.072745	6454	0.000000
281474976710655.000000	-1.003942	6455	0.000000
281474976710655.000000	-1.027186	6456	0.000000
281474976710655.000000	-0.998617	6457	0.000000
281474976710655.000000	-0.983558	6458	0.000000
281474976710655.000000	-0.999929	6459	0.000000
281474976710655.000000	-0.998820	6460	0.000000
281474976710655.000000	-1.012285	6461	0.000000
281474976710655.000000	-1.033625	6462	0.000000
281474976710655.000000	-1.011419	6463	0.000000
281474976710655.000000	-1.019420	6464	0.000000
281474976710655.000000	-0.991128	6465	0.000000
281474976710655.000000	-1.020861	6466	0.000000
281474976710655.000000	-1.064468	6467	0.000000
281474976710655.000000	-1.030652	6468	0.000000
281474976710655.000000	-1.000374	6469	0.000000
281474976710655.000000	-1.030089	6470	0.000000
281474976710655.000000	-0.994749	6471	0.000000
281474976710655.000000	-0.991190	6472	0.000000
281474976710655.000000	-1.053550	6473	0.000000
281474976710655.000000	-1.004756	6474	0.000000
281474976710655.000000	-0.982633	6475	0.000000
281474976710655.000000	-0.985584	6476	0.000000
281474976710655.000000	-1.018543	6477	0.000000
281474976710655.000000	-1.054567	6478	0.000000
281474976710655.000000	-1.094128	6479	0.000000
281474976710655.000000	-1.028728	6480	0.000000
281474976710655.000000	-1.027829	6481	0.000000
281474976710655.000000	-1.004886	6482	0.000000
281474976710655.000000	-0.975959	6483	0.000000
281474976710655.000000	-1.027086	6484	0.000000
281474976710655.000000	-1.015388	6485	0.000000
281474976710655.000000	-1.049903	6486	0.000000
281474976710655.000000	-1.008962	6487	0.000000
281474976710655.000000	-2.751048	6488	0.000000
281474976710655.000000	-7.256179	6489	0.000000
281474976710655.000000	-7.534386	6490	0.000000
281474976710655.000000	-7.647079	6491	0.000000
281474976710655.000000	-7.584379	6492	0.000000
281474976710655.000000	-7.471887	6493	0.000000
281474976710655.000000	-7.661331	6494	0.000000
281474976710655.000000	-7.566265	6495	0.000000
281474976710655.000000	-7.629303	6496	0.000000
281474976710655.000000	-7.513504	6497	0.000000
281474976710655.000000	-7.515003	6498	0.000000
281474976710655.000000	-7.529775	6499	0.000000
281474976710655.000000	-7.530473	6500	0.000000
281474976710655.000000	-7.463323	6501	0.000000
281474976710655.000000	-7.528988	6502	0.000000
281474976710655.000000	-7.279201	6503	0.000000
281474976710655.000000	-7.497949	6504	0.000000
281474976710655.000000	-7.497991	6505	0.000000
281474976710655.000000	-7.540637	6506	0.000000
281474976710655.000000	-7.520585	6507	0.000000
281474976710655.000000	-7.461644	6508	0.000000
281474976710655.000000	-7.438094	6509	0.000000
281474976710655.000000	-7.415521	6510	0.000000
281474976710655.000000	-7.453852	6511	0.000000
281474976710655.000000	-7.437884	6512	0.000000
281474976710655.000000	-7.412046	6513	0.000000
281474976710655.000000	-7.380756	6514	0.000000
281474976710655.000000	-7.362561	6515	0.000000
281474976710655.000000	-7.328495	6516	0.000000
281474976710655.000000	-7.357403	6517	0.000000
281474976710655.000000	-7.375530	6518	0.000000
281474976710655.000000	-7.314322	6519	0.000000
281474976710655.000000	-7.426764	6520	0.000000
281474976710655.000000	-7.324368	6521	0.000000
281474976710655.000000	-7.334105	6522	0.000000
281474976710655.000000	-7.301011	6523	0.000000
281474976710655.000000	-7.350142	6524	0.000000
281474976710655.000000	-7.288107	6525	0.000000
281474976710655.000000	-7.268003	6526	0.000000
281474976710655.000000	-7.224183	6527	0.000000
281474976710655.000000	-7.240410	6528	0.000000
281474976710655.000000	-7.149364	6529	0.000000
281474976710655.000000	-7.276375	6530	0.000000
281474976710655.000000	-7.153662	6531	0.000000
281474976710655.000000	-7.451787	6532	0.000000
281474976710655.000000	-3.471045	6533	0.000000
281474976710655.000000	-2.427495	6534	0.000000
281474976710655.000000	-2.500231	6535	0.000000
281474976710655.000000	-2.473569	6536	0.000000
281474976710655.000000	-2.364777	6537	0.000000
281474976710655.000000	-2.388687	6538	0.000000
281474976710655.000000	-2.432552	6539	0.000000
281474976710655.000000	-1.595814	6540	0.000000
281474976710655.000000	-22.790257	6541	0.000000
281474976710655.000000	-22.784866	6542	0.000000
281474976710655.000000	-24.085381	6543	0.000000
281474976710655.000000	-22.602959	6544	0.000000
281474976710655.000000	-22.994690	6545	0.000000
281474976710655.000000	-23.105370	6546	0.000000
281474976710655.000000	-25.325409	6547	0.000000
281474976710655.000000	-24.051973	6548	0.000000
281474976710655.000000	-23.817207	6549	0.000000
281474976710655.000000	-1.046197	6550	0.000000
281474976710655.000000	-5.159322	6551	0.000000
281474976710655.000000	-5.229631	6552	0.000000
281474976710655.000000	-1.628548	6553	0.000000
281474976710655.000000	-2.410803	6554	0.000000
281474976710655.000000	-1.241941	6555	0.000000
281474976710655.000000	-6.811668	6556	0.000000
281474976710655.000000	-8.270612	6557	0.000000
281474976710655.000000	-8.473220	6558	0.000000
281474976710655.000000	-7.751032	6559	0.000000
281474976710655.000000	-7.317009	6560	0.000000
281474976710655.000000	-7.343371	6561	0.000000
281474976710655.000000	-7.440748	6562	0.000000
281474976710655.000000	-8.194054	6563	0.000000
281474976710655.000000	-8.069058	6564	0.000000
281474976710655.000000	-7.854765	6565	0.000000
281474976710655.000000	-7.519182	6566	0.000000
281474976710655.000000	-7.340726	6567	0.000000
281474976710655.000000	-7.455841	6568	0.000000
281474976710655.000000	-7.873750	6569	0.000000
281474976710655.000000	-7.815304	6570	0.000000
281474976710655.000000	-7.682957	6571	0.000000
281474976710655.000000	-7.598187	6572	0.000000
281474976710655.000000	-7.438570	6573	0.000000
281474976710655.000000	-7.484739	6574	0.000000
281474976710655.000000	-7.657180	6575	0.000000
281474976710655.000000	-7.549151	6576	0.000000
281474976710655.000000	-7.716036	6577	0.000000
281474976710655.000000	-7.627264	6578	0.000000
281474976710655.000000	-7.546031	6579	0.000000
281474976710655.000000	-7.525347	6580	0.000000
281474976710655.000000	-7.544333	6581	0.000000
281474976710655.000000	-7.338745	6582	0.000000
281474976710655.000000	-7.606115	6583	0.000000
281474976710655.000000	-7.515086	6584	0.000000
281474976710655.000000	-7.703841	6585	0.000000
281474976710655.000000	-7.403769	6586	0.000000
281474976710655.000000	-7.525488	6587	0.000000
281474976710655.000000	-1.114456	6588	0.000000
281474976710655.000000	-10.283382	6589	0.000000
281474976710655.000000	-9.658168	6590	0.000000
281474976710655.000000	-9.185598	6591	0.000000
281474976710655.000000	-9.566754	6592	0.000000
281474976710655.000000	-9.786682	6593	0.000000
281474976710655.000000	-10.058342	6594	0.000000
281474976710655.000000	-9.808974	6595	0.000000
281474976710655.000000	-9.722176	6596	0.000000
281474976710655.000000	-9.488681	6597	0.000000
281474976710655.000000	-9.454406	6598	0.000000
281474976710655.000000	-9.580782	6599	0.000000
281474976710655.000000	-9.853702	6600	0.000000
281474976710655.000000	-9.468503	6601	0.000000
281474976710655.000000	-9.757968	6602	0.000000
281474976710655.000000	-9.422300	6603	0.000000
281474976710655.000000	-9.709834	6604	0.000000
281474976710655.000000	-9.396807	6605	0.000000
281474976710655.000000	-9.316306	6606	0.000000
281474976710655.000000	-9.559768	6607	0.000000
281474976710655.000000	-9.607536	6608	0.000000
281474976710655.000000	-9.614928	6609	0.000000
281474976710655.000000	-9.704679	6610	0.000000
281474976710655.000000	-9.011360	6611	0.000000
281474976710655.000000	-31.854273	6612	0.000000
281474976710655.000000	-0.880150	6613	0.000000
281474976710655.000000	-1.406156	6614	0.000000
281474976710655.000000	-8.258097	6615	0.000000
281474976710655.000000	-8.262951	6616	0.000000
281474976710655.000000	-7.822907	6617	0.000000
281474976710655.000000	-8.241156	6618	0.000000
281474976710655.000000	-9.092497	6619	0.000000
281474976710655.000000	-8.390077	6620	0.000000
281474976710655.000000	-8.394791	6621	0.000000
281474976710655.000000	-7.687452	6622	0.000000
281474976710655.000000	-7.909287	6623	0.000000
281474976710655.000000	-8.327897	6624	0.000000
281474976710655.000000	-8.524943	6625	0.000000
281474976710655.000000	-8.616179	6626	0.000000
281474976710655.000000	-8.374219	6627	0.000000
281474976710655.000000	-7.794154	6628	0.000000
281474976710655.000000	-8.087176	6629	0.000000
281474976710655.000000	-8.082408	6630	0.000000
281474976710655.000000	-8.420087	6631	0.000000
281474976710655.000000	-8.380655	6632	0.000000
281474976710655.000000	-8.360957	6633	0.000000
281474976710655.000000	-7.955983	6634	0.000000
281474976710655.000000	-8.105702	6635	0.000000
281474976710655.000000	-7.958663	6636	0.000000
281474976710655.000000	-8.222685	6637	0.000000
281474976710655.000000	-8.561048	6638	0.000000
281474976710655.000000	-8.306533	6639	0.000000
281474976710655.000000	-8.135588	6640	0.000000
281474976710655.000000	-7.866429	6641	0.000000
281474976710655.000000	-7.998789	6642	0.000000
281474976710655.000000	-7.961950	6643	0.000000
281474976710655.000000	-8.125099	6644	0.000000
281474976710655.000000	-8.188806	6645	0.000000
281474976710655.000000	-8.687257	6646	0.000000
281474976710655.000000	-8.310642	6647	0.000000
281474976710655.000000	-8.374510	6648	0.000000
281474976710655.000000	-7.802884	6649	0.000000
281474976710655.000000	-8.110264	6650	0.000000
281474976710655.000000	-9.390241	6651	0.000000
281474976710655.000000	-9.250441	6652	0.000000
281474976710655.000000	-8.726688	6653	0.000000
281474976710655.000000	-9.417544	6654	0.000000
281474976710655.000000	-9.174888	6655	0.000000
281474976710655.000000	-9.734476	6656	0.000000
281474976710655.000000	-8.985297	6657	0.000000
281474976710655.000000	-9.171707	6658	0.000000
281474976710655.000000	-8.482432	6659	0.000000
281474976710655.000000	-9.300064	6660	0.000000
281474976710655.000000	-9.943543	6661	0.000000
281474976710655.000000	-11.058800	6662	0.000000
281474976710655.000000	-10.507422	6663	0.000000
281474976710655.000000	-10.972078	6664	0.000000
281474976710655.000000	-10.309769	6665	0.000000
281474976710655.000000	-10.423927	6666	0.000000
281474976710655.000000	-9.522523	6667	0.000000
281474976710655.000000	-9.560759	6668	0.000000
281474976710655.000000	-10.067736	6669	0.000000
281474976710655.000000	-9.998448	6670	0.000000
281474976710655.000000	-12.914240	6671	0.000000
281474976710655.000000	-13.114504	6672	0.000000
281474976710655.000000	-12.907254	6673	0.000000
281474976710655.000000	-12.417272	6674	0.000000
281474976710655.000000	-11.862433	6675	0.000000
281474976710655.000000	-11.908139	6676	0.000000
281474976710655.000000	-11.998633	6677	0.000000
281474976710655.000000	-12.820893	6678	0.000000
281474976710655.000000	-12.851727	6679	0.000000
281474976710655.000000	-12.314649	6680	0.000000
281474976710655.000000	-12.962107	6681	0.000000
281474976710655.000000	-13.455457	6682	0.000000
281474976710655.000000	-12.933809	6683	0.000000
281474976710655.000000	-15.169525	6684	0.000000
281474976710655.000000	-14.012611	6685	0.000000
281474976710655.000000	-14.810982	6686	0.000000
281474976710655.000000	-12.762523	6687	0.000000
281474976710655.000000	-13.778583	6688	0.000000
281474976710655.000000	-14.035534	6689	0.000000
281474976710655.000000	-16.246803	6690	0.000000
281474976710655.000000	-14.711089	6691	0.000000
281474976710655.000000	-15.108925	6692	0.000000
281474976710655.000000	-13.555786	6693	0.000000
281474976710655.000000	-14.228537	6694	0.000000
281474976710655.000000	-14.564893	6695	0.000000
281474976710655.000000	-14.594399	6696	0.000000
281474976710655.000000	-14.200198	6697	0.000000
281474976710655.000000	-13.992818	6698	0.000000
281474976710655.000000	-14.440058	6699	0.000000
281474976710655.000000	-15.729877	6700	0.000000
281474976710655.000000	-14.075841	6701	0.000000
281474976710655.000000	-14.194622	6702	0.000000
281474976710655.000000	-13.549167	6703	0.000000
281474976710655.000000	-14.679064	6704	0.000000
281474976710655.000000	-14.264189	6705	0.000000
281474976710655.000000	-14.556347	6706	0.000000
281474976710655.000000	-13.417413	6707	0.000000
281474976710655.000000	-13.940471	6708	0.000000
281474976710655.000000	-14.220995	6709	0.000000
281474976710655.000000	-15.435969	6710	0.000000
281474976710655.000000	-13.353775	6711	0.000000
281474976710655.000000	-14.330205	6712	0.000000
281474976710655.000000	-13.380936	6713	0.000000
281474976710655.000000	-14.105015	6714	0.000000
281474976710655.000000	-14.262552	6715	0.000000
281474976710655.000000	-14.793490	6716	0.000000
281474976710655.000000	-13.958683	6717	0.000000
281474976710655.000000	-13.997810	6718	0.000000
281474976710655.000000	-13.592527	6719	0.000000
281474976710655.000000	-14.141774	6720	0.000000
281474976710655.000000	-13.793092	6721	0.000000
281474976710655.000000	-14.886547	6722	0.000000
281474976710655.000000	-13.525042	6723	0.000000
281474976710655.000000	-14.331724	6724	0.000000
281474976710655.000000	-12.888931	6725	0.000000
281474976710655.000000	-14.244962	6726	0.000000
281474976710655.000000	-13.765064	6727	0.000000
281474976710655.000000	-13.907489	6728	0.000000
281474976710655.000000	-14.087299	6729	0.000000
281474976710655.000000	-14.344102	6730	0.000000
281474976710655.000000	-13.904192	6731	0.000000
281474976710655.000000	-14.238333	6732	0.000000
281474976710655.000000	-13.971121	6733	0.000000
281474976710655.000000	-13.951344	6734	0.000000
281474976710655.000000	-12.963869	6735	0.000000
281474976710655.000000	-14.378363	6736	0.000000
281474976710655.000000	-13.221853	6737	0.000000
281474976710655.000000	-13.771849	6738	0.000000
281474976710655.000000	-13.257338	6739	0.000000
281474976710655.000000	-13.919168	6740	0.000000
281474976710655.000000	-13.498856	6741	0.000000
281474976710655.000000	-13.682244	6742	0.000000
281474976710655.000000	-13.695711	6743	0.000000
281474976710655.000000	-13.602937	6744	0.000000
281474976710655.000000	-13.505474	6745	0.000000
281474976710655.000000	-13.969099	6746	0.000000
281474976710655.000000	-13.193718	6747	0.000000
281474976710655.000000	-13.878402	6748	0.000000
281474976710655.000000	-13.733828	6749	0.000000
281474976710655.000000	-13.798956	6750	0.000000
281474976710655.000000	-13.060470	6751	0.000000
281474976710655.000000	-14.119805	6752	0.000000
281474976710655.000000	-12.794201	6753	0.000000
281474976710655.000000	-14.040627	6754	0.000000
281474976710655.000000	-12.878951	6755	0.000000
281474976710655.000000	-14.082213	6756	0.000000
281474976710655.000000	-13.185906	6757	0.000000
281474976710655.000000	-13.363193	6758	0.000000
281474976710655.000000	-13.082400	6759	0.000000
281474976710655.000000	-12.995112	6760	0.000000
281474976710655.000000	-13.014217	6761	0.000000
281474976710655.000000	-13.254816	6762	0.000000
281474976710655.000000	-13.210617	6763	0.000000
281474976710655.000000	-13.488994	6764	0.000000
281474976710655.000000	-12.979759	6765	0.000000
281474976710655.000000	-13.216763	6766	0.000000
281474976710655.000000	-12.724420	6767	0.000000
281474976710655.000000	-13.722038	6768	0.000000
281474976710655.000000	-13.173306	6769	0.000000
281474976710655.000000	-13.575229	6770	0.000000
281474976710655.000000	-12.450154	6771	0.000000
281474976710655.000000	-13.126857	6772	0.000000
281474976710655.000000	-13.194440	6773	0.000000
281474976710655.000000	-13.004336	6774	0.000000
281474976710655.000000	-12.818346	6775	0.000000
281474976710655.000000	-12.995652	6776	0.000000
281474976710655.000000	-12.805223	6777	0.000000
281474976710655.000000	-13.071553	6778	0.000000
281474976710655.000000	-12.944618	6779	0.000000
281474976710655.000000	-13.276250	6780	0.000000
281474976710655.000000	-12.582098	6781	0.000000
281474976710655.000000	-12.800887	6782	0.000000
281474976710655.000000	-12.640013	6783	0.000000
281474976710655.000000	-13.567478	6784	0.000000
281474976710655.000000	-12.583307	6785	0.000000
281474976710655.000000	-13.401303	6786	0.000000
281474976710655.000000	-12.323514	6787	0.000000
281474976710655.000000	-6.134534	6788	0.000000
281474976710655.000000	-9.258153	6789	0.000000
281474976710655.000000	-8.716182	6790	0.000000
281474976710655.000000	-5.236369	6791	0.000000
281474976710655.000000	-5.292219	6792	0.000000
281474976710655.000000	-4.939241	6793	0.000000
281474976710655.000000	-4.932766	6794	0.000000
281474976710655.000000	-5.105562	6795	0.000000
281474976710655.000000	-5.002889	6796	0.000000
281474976710655.000000	-5.033562	6797	0.000000
281474976710655.000000	-4.997619	6798	0.000000
281474976710655.000000	-5.132581	6799	0.000000
281474976710655.000000	-5.071610	6800	0.000000
281474976710655.000000	-5.982543	6801	0.000000
281474976710655.000000	-6.138632	6802	0.000000
281474976710655.000000	-6.066123	6803	0.000000
281474976710655.000000	-9.120854	6804	0.000000
281474976710655.000000	-8.868396	6805	0.000000
281474976710655.000000	-8.640936	6806	0.000000
281474976710655.000000	-2.504407	6807	0.000000
281474976710655.000000	-6.434686	6808	0.000000
281474976710655.000000	-6.383518	6809	0.000000
281474976710655.000000	-6.638512	6810	0.000000
281474976710655.000000	-6.376379	6811	0.000000
281474976710655.000000	-6.160622	6812	0.000000
281474976710655.000000	-6.122939	6813	0.000000
281474976710655.000000	-6.051840	6814	0.000000
281474976710655.000000	-6.109390	6815	0.000000
281474976710655.000000	-6.291504	6816	0.000000
281474976710655.000000	-6.796146	6817	0.000000
281474976710655.000000	-6.398883	6818	0.000000
281474976710655.000000	-6.424949	6819	0.000000
281474976710655.000000	-8.060185	6820	0.000000
281474976710655.000000	-8.543742	6821	0.000000
281474976710655.000000	-7.754518	6822	0.000000
281474976710655.000000	-8.636252	6823	0.000000
281474976710655.000000	-8.235830	6824	0.000000
281474976710655.000000	-8.049194	6825	0.000000
281474976710655.000000	-8.491802	6826	0.000000
281474976710655.000000	-9.605039	6827	0.000000
281474976710655.000000	-8.716604	6828	0.000000
281474976710655.000000	-8.378312	6829	0.000000
281474976710655.000000	-8.058606	6830	0.000000
281474976710655.000000	-8.599725	6831	0.000000
281474976710655.000000	-8.338337	6832	0.000000
281474976710655.000000	-8.611298	6833	0.000000
281474976710655.000000	-8.166286	6834	0.000000
281474976710655.000000	-8.935289	6835	0.000000
281474976710655.000000	-8.833755	6836	0.000000
281474976710655.000000	-9.137676	6837	0.000000
281474976710655.000000	-8.459105	6838	0.000000
281474976710655.000000	-8.063645	6839	0.000000
281474976710655.000000	-8.059241	6840	0.000000
281474976710655.000000	-8.705675	6841	0.000000
281474976710655.000000	-8.535017	6842	0.000000
281474976710655.000000	-9.249578	6843	0.000000
281474976710655.000000	-8.679151	6844	0.000000
281474976710655.000000	-8.339732	6845	0.000000
281474976710655.000000	-8.010761	6846	0.000000
281474976710655.000000	-8.384080	6847	0.000000
281474976710655.000000	-8.508024	6848	0.000000
281474976710655.000000	-8.652386	6849	0.000000
281474976710655.000000	-8.521634	6850	0.000000
281474976710655.000000	-8.546957	6851	0.000000
281474976710655.000000	-8.385850	6852	0.000000
281474976710655.000000	-8.761785	6853	0.000000
281474976710655.000000	-8.261365	6854	0.000000
281474976710655.000000	-8.387029	6855	0.000000
281474976710655.000000	-7.999722	6856	0.000000
281474976710655.000000	-8.781779	6857	0.000000
281474976710655.000000	-8.182503	6858	0.000000
281474976710655.000000	-8.461107	6859	0.000000
281474976710655.000000	-7.926966	6860	0.000000
281474976710655.000000	-8.712379	6861	0.000000
281474976710655.000000	-8.239265	6862	0.000000
281474976710655.000000	-8.597413	6863	0.000000
281474976710655.000000	-8.031371	6864	0.000000
281474976710655.000000	-8.665204	6865	0.000000
281474976710655.000000	-8.269956	6866	0.000000
281474976710655.000000	-8.665334	6867	0.000000
281474976710655.000000	-7.977419	6868	0.000000
281474976710655.000000	-8.174718	6869	0.000000
281474976710655.000000	-8.109884	6870	0.000000
281474976710655.000000	-8.484065	6871	0.000000
281474976710655.000000	-8.107933	6872	0.000000
281474976710655.000000	-9.735557	6873	0.000000
281474976710655.000000	-12.960630	6874	0.000000
281474976710655.000000	-13.201535	6875	0.000000
281474976710655.000000	-11.806808	6876	0.000000
281474976710655.000000	-11.943871	6877	0.000000
281474976710655.000000	-4.289575	6878	0.000000
281474976710655.000000	-4.196298	6879	0.000000
281474976710655.000000	-4.298608	6880	0.000000
281474976710655.000000	-4.175311	6881	0.000000
281474976710655.000000	-4.212067	6882	0.000000
281474976710655.000000	-4.383565	6883	0.000000
281474976710655.000000	-4.193508	6884	0.000000
281474976710655.000000	-4.182720	6885	0.000000
281474976710655.000000	-4.202828	6886	0.000000
281474976710655.000000	-4.191605	6887	0.000000
281474976710655.000000	-4.274574	6888	0.000000
281474976710655.000000	-4.228201	6889	0.000000
281474976710655.000000	-4.189856	6890	0.000000
281474976710655.000000	-4.199456	6891	0.000000
281474976710655.000000	-4.263623	6892	0.000000
281474976710655.000000	-4.380898	6893	0.000000
281474976710655.000000	-4.252174	6894	0.000000
281474976710655.000000	-4.221844	6895	0.000000
281474976710655.000000	-4.207076	6896	0.000000
281474976710655.000000	-4.301425	6897	0.000000
281474976710655.000000	-4.243962	6898	0.000000
281474976710655.000000	-4.249604	6899	0.000000
281474976710655.000000	-4.174625	6900	0.000000
281474976710655.000000	-4.169066	6901	0.000000
281474976710655.000000	-4.256254	6902	0.000000
281474976710655.000000	-4.327724	6903	0.000000
281474976710655.000000	-4.190240	6904	0.000000
281474976710655.000000	-4.144440	6905	0.000000
281474976710655.000000	-4.547654	6906	0.000000
281474976710655.000000	-4.702065	6907	0.000000
281474976710655.000000	-4.644875	6908	0.000000
281474976710655.000000	-4.805491	6909	0.000000
281474976710655.000000	-4.714177	6910	0.000000
281474976710655.000000	-4.955366	6911	0.000000
281474976710655.000000	-4.667556	6912	0.000000
281474976710655.000000	-4.767159	6913	0.000000
281474976710655.000000	-4.499547	6914	0.000000
281474976710655.000000	-4.724798	6915	0.000000
281474976710655.000000	-4.697686	6916	0.000000
281474976710655.000000	-4.883704	6917	0.000000
281474976710655.000000	-4.685496	6918	0.000000
281474976710655.000000	-6.074234	6919	0.000000
281474976710655.000000	-6.066110	6920	0.000000
281474976710655.000000	-6.056524	6921	0.000000
281474976710655.000000	-6.016641	6922	0.000000
281474976710655.000000	-6.269787	6923	0.000000
281474976710655.000000	-6.148782	6924	0.000000
281474976710655.000000	-7.170043	6925	0.000000
281474976710655.000000	-6.743351	6926	0.000000
281474976710655.000000	-6.717723	6927	0.000000
281474976710655.000000	-6.516504	6928	0.000000
281474976710655.000000	-6.813515	6929	0.000000
281474976710655.000000	-6.881933	6930	0.000000
281474976710655.000000	-8.388949	6931	0.000000
281474976710655.000000	-8.047566	6932	0.000000
281474976710655.000000	-8.261644	6933	0.000000
281474976710655.000000	-8.169591	6934	0.000000
281474976710655.000000	-8.223657	6935	0.000000
281474976710655.000000	-7.861654	6936	0.000000
281474976710655.000000	-8.328397	6937	0.000000
281474976710655.000000	-8.107175	6938	0.000000
281474976710655.000000	-8.762039	6939	0.000000
281474976710655.000000	-8.050709	6940	0.000000
281474976710655.000000	-8.390708	6941	0.000000
281474976710655.000000	-8.638070	6942	0.000000
281474976710655.000000	-9.057829	6943	0.000000
281474976710655.000000	-8.770988	6944	0.000000
281474976710655.000000	-9.447230	6945	0.000000
281474976710655.000000	-8.761204	6946	0.000000
281474976710655.000000	-9.720472	6947	0.000000
281474976710655.000000	-9.434891	6948	0.000000
281474976710655.000000	-9.879832	6949	0.000000
281474976710655.000000	-8.930951	6950	0.000000
281474976710655.000000	-9.178356	6951	0.000000
281474976710655.000000	-8.903696	6952	0.000000
281474976710655.000000	-9.754588	6953	0.000000
281474976710655.000000	-9.359303	6954	0.000000
281474976710655.000000	-9.158834	6955	0.000000
281474976710655.000000	-9.444909	6956	0.000000
281474976710655.000000	-9.766144	6957	0.000000
281474976710655.000000	-9.779231	6958	0.000000
281474976710655.000000	-9.728223	6959	0.000000
281474976710655.000000	-9.250713	6960	0.000000
281474976710655.000000	-9.203096	6961	0.000000
281474976710655.000000	-9.172754	6962	0.000000
281474976710655.000000	-9.642791	6963	0.000000
281474976710655.000000	-9.187208	6964	0.000000
281474976710655.000000	-9.714372	6965	0.000000
281474976710655.000000	-9.083192	6966	0.000000
281474976710655.000000	-9.380511	6967	0.000000
281474976710655.000000	-9.139255	6968	0.000000
281474976710655.000000	-9.619905	6969	0.000000
281474976710655.000000	-9.366122	6970	0.000000
281474976710655.000000	-9.755193	6971	0.000000
281474976710655.000000	-9.266086	6972	0.000000
281474976710655.000000	-9.408138	6973	0.000000
281474976710655.000000	-9.110258	6974	0.000000
281474976710655.000000	-9.241650	6975	0.000000
281474976710655.000000	-9.318125	6976	0.000000
281474976710655.000000	-9.490679	6977	0.000000
281474976710655.000000	-9.481657	6978	0.000000
281474976710655.000000	-9.161963	6979	0.000000
281474976710655.000000	-9.244174	6980	0.000000
281474976710655.000000	-9.228355	6981	0.000000
281474976710655.000000	-9.082548	6982	0.000000
281474976710655.000000	-9.232399	6983	0.000000
281474976710655.000000	-9.144174	6984	0.000000
281474976710655.000000	-9.463927	6985	0.000000
281474976710655.000000	-9.304269	6986	0.000000
281474976710655.000000	-9.608578	6987	0.000000
281474976710655.000000	-9.007742	6988	0.000000
281474976710655.000000	-9.296879	6989	0.000000
281474976710655.000000	-8.882257	6990	0.000000
281474976710655.000000	-10.393088	6991	0.000000
281474976710655.000000	-10.943011	6992	0.000000
281474976710655.000000	-10.313113	6993	0.000000
281474976710655.000000	-10.676293	6994	0.000000
281474976710655.000000	-10.223131	6995	0.000000
281474976710655.000000	-10.570901	6996	0.000000
281474976710655.000000	-10.237812	6997	0.000000
281474976710655.000000	-10.818612	6998	0.000000
281474976710655.000000	-10.621560	6999	0.000000
281474976710655.000000	-10.962229	7000	0.000000
281474976710655.000000	-10.634253	7001	0.000000
281474976710655.000000	-10.549533	7002	0.000000
281474976710655.000000	-10.311575	7003	0.000000
281474976710655.000000	-10.393601	7004	0.000000
281474976710655.000000	-10.411582	7005	0.000000
281474976710655.000000	-6.646136	7006	0.000000
281474976710655.000000	-5.971055	7007	0.000000
281474976710655.000000	-5.799363	7008	0.000000
281474976710655.000000	-5.779086	7009	0.000000
281474976710655.000000	-6.095999	7010	0.000000
281474976710655.000000	-6.189810	7011	0.000000
281474976710655.000000	-5.932209	7012	0.000000
281474976710655.000000	-4.887442	7013	0.000000
281474976710655.000000	-6.323442	7014	0.000000
281474976710655.000000	-6.455015	7015	0.000000
281474976710655.000000	-6.438305	7016	0.000000
281474976710655.000000	-6.453257	7017	0.000000
281474976710655.000000	-6.487673	7018	0.000000
281474976710655.000000	-6.947844	7019	0.000000
281474976710655.000000	-7.244149	7020	0.000000
281474976710655.000000	-7.289998	7021	0.000000
281474976710655.000000	-6.621587	7022	0.000000
281474976710655.000000	-6.585345	7023	0.000000
281474976710655.000000	-6.415371	7024	0.000000
281474976710655.000000	-6.581962	7025	0.000000
281474976710655.000000	-6.867179	7026	0.000000
281474976710655.000000	-7.229634	7027	0.000000
281474976710655.000000	-7.479801	7028	0.000000
281474976710655.000000	-8.108097	7029	0.000000
281474976710655.000000	-8.352582	7030	0.000000
281474976710655.000000	-7.780990	7031	0.000000
281474976710655.000000	-6.986454	7032	0.000000
281474976710655.000000	-6.834147	7033	0.000000
281474976710655.000000	-7.467302	7034	0.000000
281474976710655.000000	-8.454045	7035	0.000000
281474976710655.000000	-8.404605	7036	0.000000
281474976710655.000000	-7.826412	7037	0.000000
281474976710655.000000	-6.846294	7038	0.000000
281474976710655.000000	-6.846498	7039	0.000000
281474976710655.000000	-7.364034	7040	0.000000
281474976710655.000000	-8.516034	7041	0.000000
281474976710655.000000	-7.983671	7042	0.000000
281474976710655.000000	-7.895246	7043	0.000000
281474976710655.000000	-6.954434	7044	0.000000
281474976710655.000000	-7.476086	7045	0.000000
281474976710655.000000	-7.617238	7046	0.000000
281474976710655.000000	-8.057052	7047	0.000000
281474976710655.000000	-7.125264	7048	0.000000
281474976710655.000000	-7.219462	7049	0.000000
281474976710655.000000	-7.141779	7050	0.000000
281474976710655.000000	-8.013947	7051	0.000000
281474976710655.000000	-8.062822	7052	0.000000
281474976710655.000000	-7.865360	7053	0.000000
281474976710655.000000	-7.197631	7054	0.000000
281474976710655.000000	-7.028285	7055	0.000000
281474976710655.000000	-7.132559	7056	0.000000
281474976710655.000000	-7.922891	7057	0.000000
281474976710655.000000	-7.564214	7058	0.000000
281474976710655.000000	-7.776689	7059	0.000000
281474976710655.000000	-7.542154	7060	0.000000
281474976710655.000000	-7.421245	7061	0.000000
281474976710655.000000	-7.317854	7062	0.000000
281474976710655.000000	-7.638980	7063	0.000000
281474976710655.000000	-7.145423	7064	0.000000
281474976710655.000000	-7.454247	7065	0.000000
281474976710655.000000	-7.419019	7066	0.000000
281474976710655.000000	-7.789330	7067	0.000000
281474976710655.000000	-7.463900	7068	0.000000
281474976710655.000000	-7.583142	7069	0.000000
281474976710655.000000	-7.129138	7070	0.000000
281474976710655.000000	-7.259004	7071	0.000000
281474976710655.000000	-7.396096	7072	0.000000
281474976710655.000000	-7.498045	7073	0.000000
281474976710655.000000	-7.583561	7074	0.000000
281474976710655.000000	-7.425868	7075	0.000000
281474976710655.000000	-7.085191	7076	0.000000
281474976710655.000000	-7.251130	7077	0.000000
281474976710655.000000	-7.291780	7078	0.000000
281474976710655.000000	-7.574045	7079	0.000000
281474976710655.000000	-7.463210	7080	0.000000
281474976710655.000000	-7.492183	7081	0.000000
281474976710655.000000	-7.033713	7082	0.000000
281474976710655.000000	-7.380649	7083	0.000000
281474976710655.000000	-7.149585	7084	0.000000
281474976710655.000000	-7.692833	7085	0.000000
281474976710655.000000	-7.347209	7086	0.000000
281474976710655.000000	-7.418593	7087	0.000000
281474976710655.000000	-7.068861	7088	0.000000
281474976710655.000000	-7.328996	7089	0.000000
281474976710655.000000	-7.134855	7090	0.000000
281474976710655.000000	-7.491395	7091	0.000000
281474976710655.000000	-7.352103	7092	0.000000
281474976710655.000000	-7.279370	7093	0.000000
281474976710655.000000	-7.236469	7094	0.000000
281474976710655.000000	-7.362613	7095	0.000000
281474976710655.000000	-7.142539	7096	0.000000
281474976710655.000000	-7.420118	7097	0.000000
281474976710655.000000	-7.099710	7098	0.000000
281474976710655.000000	-7.293129	7099	0.000000
281474976710655.000000	-7.111434	7100	0.000000
281474976710655.000000	-7.495507	7101	0.000000
281474976710655.000000	-7.118003	7102	0.000000
281474976710655.000000	-7.400095	7103	0.000000
281474976710655.000000	-6.977057	7104	0.000000
281474976710655.000000	-7.190555	7105	0.000000
281474976710655.000000	-6.949082	7106	0.000000
281474976710655.000000	-7.560310	7107	0.000000
281474976710655.000000	-7.157578	7108	0.000000
281474976710655.000000	-7.478649	7109	0.000000
281474976710655.000000	-6.961767	7110	0.000000
281474976710655.000000	-7.292688	7111	0.000000
281474976710655.000000	-6.844078	7112	0.000000
281474976710655.000000	-7.353799	7113	0.000000
281474976710655.000000	-7.040162	7114	0.000000
281474976710655.000000	-7.571563	7115	0.000000
281474976710655.000000	-7.032821	7116	0.000000
281474976710655.000000	-7.330314	7117	0.000000
281474976710655.000000	-6.804815	7118	0.000000
281474976710655.000000	-7.254582	7119	0.000000
281474976710655.000000	-7.029581	7120	0.000000
281474976710655.000000	-7.365650	7121	0.000000
281474976710655.000000	-7.068262	7122	0.000000
281474976710655.000000	-7.221535	7123	0.000000
281474976710655.000000	-6.908974	7124	0.000000
281474976710655.000000	-7.170974	7125	0.000000
281474976710655.000000	-6.969899	7126	0.000000
281474976710655.000000	-7.258490	7127	0.000000
281474976710655.000000	-7.000727	7128	0.000000
281474976710655.000000	-7.252260	7129	0.000000
281474976710655.000000	-6.883599	7130	0.000000
281474976710655.000000	-7.222618	7131	0.000000
281474976710655.000000	-6.891858	7132	0.000000
281474976710655.000000	-7.216698	7133	0.000000
281474976710655.000000	-6.876577	7134	0.000000
281474976710655.000000	-7.262663	7135	0.000000
281474976710655.000000	-6.925008	7136	0.000000
281474976710655.000000	-7.294522	7137	0.000000
281474976710655.000000	-6.935032	7138	0.000000
281474976710655.000000	-7.146760	7139	0.000000
281474976710655.000000	-6.829397	7140	0.000000
281474976710655.000000	-7.108769	7141	0.000000
281474976710655.000000	-6.899918	7142	0.000000
281474976710655.000000	-7.194776	7143	0.000000
281474976710655.000000	-6.909078	7144	0.000000
281474976710655.000000	-7.127539	7145	0.000000
281474976710655.000000	-6.895401	7146	0.000000
281474976710655.000000	-7.033005	7147	0.000000
281474976710655.000000	-6.835719	7148	0.000000
281474976710655.000000	-7.119616	7149	0.000000
281474976710655.000000	-6.851299	7150	0.000000
281474976710655.000000	-7.050384	7151	0.000000
281474976710655.000000	-7.034050	7152	0.000000
281474976710655.000000	-8.373075	7153	0.000000
281474976710655.000000	-7.396809	7154	0.000000
281474976710655.000000	-7.751840	7155	0.000000
281474976710655.000000	-8.295320	7156	0.000000
281474976710655.000000	-9.604440	7157	0.000000
281474976710655.000000	-7.991419	7158	0.000000
281474976710655.000000	-7.567368	7159	0.000000
281474976710655.000000	-6.685803	7160	0.000000
281474976710655.000000	-7.298709	7161	0.000000
281474976710655.000000	-7.655422	7162	0.000000
281474976710655.000000	-9.525846	7163	0.000000
281474976710655.000000	-9.240777	7164	0.000000
281474976710655.000000	-10.193097	7165	0.000000
281474976710655.000000	-10.219130	7166	0.000000
281474976710655.000000	-10.858379	7167	0.000000
281474976710655.000000	-9.619102	7168	0.000000
281474976710655.000000	-9.301014	7169	0.000000
281474976710655.000000	-8.528049	7170	0.000000
281474976710655.000000	-9.251573	7171	0.000000
281474976710655.000000	-9.340417	7172	0.000000
281474976710655.000000	-10.702813	7173	0.000000
281474976710655.000000	-9.682801	7174	0.000000
281474976710655.000000	-9.796858	7175	0.000000
281474976710655.000000	-8.595848	7176	0.000000
281474976710655.000000	-9.079665	7177	0.000000
281474976710655.000000	-9.103541	7178	0.000000
281474976710655.000000	-10.285289	7179	0.000000
281474976710655.000000	-9.605232	7180	0.000000
281474976710655.000000	-9.533195	7181	0.000000
281474976710655.000000	-8.672249	7182	0.000000
281474976710655.000000	-9.452514	7183	0.000000
281474976710655.000000	-9.505294	7184	0.000000
281474976710655.000000	-9.943131	7185	0.000000
281474976710655.000000	-8.824763	7186	0.000000
281474976710655.000000	-8.833870	7187	0.000000
281474976710655.000000	-9.390709	7188	0.000000
281474976710655.000000	-9.748826	7189	0.000000
281474976710655.000000	-9.118202	7190	0.000000
281474976710655.000000	-8.965423	7191	0.000000
281474976710655.000000	-8.932556	7192	0.000000
281474976710655.000000	-9.470469	7193	0.000000
281474976710655.000000	-9.244161	7194	0.000000
281474976710655.000000	-8.926699	7195	0.000000
281474976710655.000000	-9.050875	7196	0.000000
281474976710655.000000	-9.460018	7197	0.000000
281474976710655.000000	-9.382993	7198	0.000000
281474976710655.000000	-9.075373	7199	0.000000
281474976710655.000000	-8.735039	7200	0.000000
281474976710655.000000	-8.944220	7201	0.000000
281474976710655.000000	-9.180690	7202	0.000000
281474976710655.000000	-9.122359	7203	0.000000
281474976710655.000000	-8.749355	7204	0.000000
281474976710655.000000	-8.877654	7205	0.000000
281474976710655.000000	-9.016611	7206	0.000000
281474976710655.000000	-9.466139	7207	0.000000
281474976710655.000000	-9.231795	7208	0.000000
281474976710655.000000	-9.129668	7209	0.000000
281474976710655.000000	-8.746732	7210	0.000000
281474976710655.000000	-8.747570	7211	0.000000
281474976710655.000000	-8.840551	7212	0.000000
281474976710655.000000	-9.267818	7213	0.000000
281474976710655.000000	-9.229831	7214	0.000000
281474976710655.000000	-9.111509	7215	0.000000
281474976710655.000000	-8.791598	7216	0.000000
281474976710655.000000	-8.765717	7217	0.000000
281474976710655.000000	-8.724027	7218	0.000000
281474976710655.000000	-9.102464	7219	0.000000
281474976710655.000000	-8.777786	7220	0.000000
281474976710655.000000	-9.016386	7221	0.000000
281474976710655.000000	-8.617126	7222	0.000000
281474976710655.000000	-9.239931	7223	0.000000
281474976710655.000000	-8.713848	7224	0.000000
281474976710655.000000	-9.091516	7225	0.000000
281474976710655.000000	-8.375665	7226	0.000000
281474976710655.000000	-8.977988	7227	0.000000
281474976710655.000000	-8.554990	7228	0.000000
281474976710655.000000	-9.056567	7229	0.000000
281474976710655.000000	-8.319921	7230	0.000000
281474976710655.000000	-8.905943	7231	0.000000
281474976710655.000000	-8.604112	7232	0.000000
281474976710655.000000	-9.241404	7233	404372848640.000000
281474976710655.000000	-8.497507	7234	404373897216.000000
281474976710655.000000	-8.843592	7235	404374945792.000000
281474976710655.000000	-8.661839	7236	404375994368.000000
281474976710655.000000	-9.106042	7237	404377042944.000000
281474976710655.000000	-8.466062	7238	404378058752.000000
281474976710655.000000	-8.462199	7239	404379107328.000000
281474976710655.000000	-8.190434	7240	404380155904.000000
281474976710655.000000	-8.419091	7241	404381204480.000000
281474976710655.000000	-8.372371	7242	404382220288.000000
