num crossings	time (s)	maj axis (mm)	min axis (mm)	theta (rad )	slope (V/s)
5171	402068.185482	23.719174	3.885612	2.732423	7.614102
5173	402070.267615	23.741549	3.865102	2.732327	7.283993
5175	402072.351443	23.914169	3.865429	2.737066	8.664885
5177	402074.424155	23.266185	3.908969	2.740093	8.915101
5179	402076.503051	23.482094	3.879559	2.744336	9.259989
5181	402078.586579	23.507598	3.850627	2.731935	9.044412
5183	402080.670544	23.750928	3.826530	2.730368	8.819220
5185	402082.745713	23.472438	3.858973	2.739875	8.618422
5187	402084.827524	23.498533	3.850047	2.740487	8.614752
5189	402086.906486	23.469117	3.865296	2.747907	8.950735
5191	402088.990177	22.318704	3.931031	2.723539	8.929909
5193	402091.066531	23.076110	3.858689	2.735670	8.774299
5195	402093.149531	21.533280	3.958418	2.720296	7.859640
5197	402095.231680	23.511063	3.815829	2.741287	7.498662
5199	402097.310547	23.068769	3.835693	2.736292	6.578261
5201	402099.394414	22.763719	3.880601	2.743084	8.656874
5203	402101.469792	21.971808	3.926950	2.755511	9.152744
5205	402103.552311	22.991628	3.864137	2.745945	8.824683
5207	402105.632673	21.426565	3.910303	2.737214	8.135483
5209	402107.715123	23.433938	3.787025	2.742008	8.780937
5211	402109.790831	22.620930	3.878196	2.747747	8.873857
5213	402111.872133	21.086292	3.987946	2.736342	9.905222
5215	402113.953139	22.905083	3.801694	2.743335	9.621458
5217	402116.037116	22.401572	3.854353	2.749442	8.524388
5219	402118.112516	23.197681	3.774285	2.746054	8.260661
5221	402120.196946	22.336166	3.847471	2.758496	6.331168
5223	402122.279267	22.695996	3.790369	2.741351	7.756080
5225	402124.358281	20.032409	3.952244	2.719758	9.056773
5227	402126.442769	19.132383	4.007149	2.730068	8.677341
5229	402128.515026	22.818173	3.798500	2.754985	9.126163
5231	402130.597095	22.485420	3.788075	2.746340	8.769366
5233	402132.679479	22.647980	3.789708	2.754256	8.021980
5235	402134.763810	18.776808	3.915138	2.740366	7.488543
5237	402136.838497	22.853730	3.775432	2.755595	8.403073
5239	402138.919185	20.491640	3.914273	2.732760	8.438572
5241	402141.000494	22.202435	3.802197	2.754998	8.396721
5243	402143.084674	22.608020	3.763136	2.749347	7.737338
5245	402145.160276	22.889034	3.719982	2.747520	7.028830
5247	402147.242477	21.321572	3.834231	2.753183	7.398926
5249	402149.325061	22.654922	3.739658	2.753162	7.731646
5251	402151.405786	22.965217	3.709215	2.754304	8.083094
5253	402153.481199	20.638449	3.882635	2.752941	8.706620
5255	402155.562257	22.136813	3.745192	2.748660	8.362898
5257	402157.645234	22.073582	3.754057	2.760748	7.648192
5259	402159.727215	22.620491	3.714928	2.755982	7.344661
5261	402161.811689	21.744261	3.777187	2.755700	6.980255
5263	402163.883250	22.612585	3.701327	2.759665	8.251244
5265	402165.964012	22.652384	3.679143	2.758403	8.418260
5267	402168.048141	19.980903	3.825210	2.737223	8.419528
5269	402170.132292	21.887726	3.750737	2.768858	8.307054
5271	402172.207001	21.770967	3.752268	2.761162	6.966365
5273	402174.287821	19.211173	3.844682	2.751015	7.778131
5275	402176.368310	22.049761	3.680795	2.752075	8.022721
5277	402178.452436	21.974744	3.709004	2.760490	8.176756
5279	402180.536465	22.348427	3.670144	2.759426	9.027675
5281	402182.609459	21.921048	3.686000	2.758152	8.540638
5283	402184.690558	17.974577	3.786301	2.720080	7.767238
5285	402186.771787	18.968852	3.891132	2.722212	7.568427
5287	402188.855559	21.981174	3.661021	2.764051	8.239103
5289	402190.928036	20.365934	3.768140	2.768469	9.967113
5291	402193.009016	21.475739	3.701931	2.762958	9.544781
5293	402195.091214	20.759344	3.722738	2.748307	8.881008
5295	402197.173730	22.426020	3.586041	2.761601	7.341983
5297	402199.257398	21.628856	3.634355	2.748106	9.062325
5299	402201.332117	22.026537	3.613455	2.761416	8.119707
5301	402203.413663	21.196221	3.674039	2.772811	8.490791
5303	402205.494456	21.512805	3.640051	2.767099	6.823219
5305	402207.575469	21.893443	3.589680	2.759826	6.684364
5307	402209.658949	21.846875	3.595284	2.762966	7.336741
5309	402211.733030	18.014616	3.747406	2.726524	8.189927
5311	402213.816860	21.706496	3.611225	2.766823	7.922286
5313	402215.896584	20.344846	3.660857	2.758655	6.876582
5315	402217.976842	22.052179	3.552747	2.766816	7.219339
5317	402220.060410	20.642301	3.621793	2.760760	7.597959
5319	402222.135081	20.713673	3.657569	2.771035	8.056338
5321	402224.216872	21.683677	3.585404	2.775225	8.568670
5323	402226.300200	21.306328	3.590758	2.767872	6.532606
5325	402228.380415	20.647838	3.637370	2.767423	6.551047
5327	402230.461758	20.669470	3.582350	2.765676	6.963400
5329	402232.545104	21.706174	3.507056	2.765909	7.720666
5331	402234.619462	21.195118	3.553255	2.765903	7.822755
5333	402236.700680	21.484178	3.511898	2.770787	6.220031
5335	402238.781362	20.898499	3.561709	2.775148	7.534439
5337	402240.861958	21.687772	3.494479	2.772798	8.214864
5339	402242.945224	21.759722	3.484889	2.768680	7.598817
5341	402245.028472	20.419713	3.561007	2.775283	7.225259
5343	402247.102612	21.602616	3.484369	2.773095	7.137075
5345	402249.182034	21.154321	3.524445	2.771525	7.958936
5347	402251.262450	21.183592	3.500710	2.773970	8.609434
5349	402253.344628	21.514118	3.472489	2.782564	7.873266
5351	402255.427786	21.459949	3.455365	2.768317	6.114424
5353	402257.511089	21.399505	3.456206	2.771328	6.329928
5355	402259.584866	21.428635	3.447094	2.775281	7.277211
5357	402261.664869	20.588675	3.534023	2.785724	8.689705
5359	402263.744644	21.186442	3.448044	2.789554	7.603362
5361	402265.828050	21.123724	3.434351	2.777467	7.881125
5363	402267.911406	21.260052	3.424767	2.788390	7.378327
5365	402269.994845	21.419721	3.406546	2.778785	6.086531
5367	402272.066739	21.318995	3.395491	2.778723	7.611701
5369	402274.147722	20.810069	3.435431	2.783378	7.644431
5371	402276.228411	20.701345	3.429192	2.780400	7.550994
5373	402278.311721	21.294722	3.362669	2.783673	7.290981
5375	402280.395104	19.979011	3.460029	2.784309	7.322667
5377	402282.468744	21.292583	3.358706	2.783985	6.572653
5379	402284.548612	20.230793	3.415439	2.770898	7.462906
5381	402286.632065	20.944589	3.370045	2.789486	7.431822
5383	402288.711947	19.432662	3.484312	2.758105	6.809949
5385	402290.795118	20.496984	3.382178	2.782807	6.582082
5387	402292.878431	21.179540	3.307869	2.775800	7.053825
5389	402294.950827	21.122005	3.323949	2.781792	7.276630
5391	402297.032208	21.140377	3.310810	2.780034	7.872783
5393	402299.113263	18.763468	3.392754	2.751814	7.548544
5395	402301.195458	21.145630	3.306393	2.788915	6.476333
5397	402303.278938	20.246575	3.373619	2.790831	5.518645
5399	402305.352694	20.220566	3.339416	2.778535	6.690856
5401	402307.433089	21.245306	3.268970	2.783782	7.385311
5403	402309.513365	20.801631	3.290876	2.781999	7.621713
5405	402311.597132	20.425275	3.309083	2.791239	6.899715
5407	402313.679736	19.865691	3.290084	2.766016	5.001518
5409	402315.763178	19.435139	3.330923	2.794843	5.670711
5411	402317.837468	20.999222	3.244071	2.787506	6.458712
5413	402319.924882	27.816045	3.065599	2.608736	7.389776
5415	402322.780994	49.786440	0.463696	2.653185	37.754346
5417	402324.862542	49.548128	0.467732	2.652524	38.173337
5419	402326.942855	49.560901	0.529081	2.652655	35.236961
5421	402329.022861	47.231863	0.559606	2.655617	36.373070
5423	402331.104689	48.976611	0.469093	2.653168	37.742241
5425	402333.185838	49.986583	0.510109	2.651516	34.053380
5427	402335.267037	48.117625	0.508606	2.653554	35.872130
5429	402337.347086	49.803837	0.518616	2.650905	36.948256
5431	402339.428278	36.517461	0.754356	2.676368	35.904733
5433	402341.508644	48.825373	0.540301	2.652219	34.941817
5435	402343.589401	48.495467	0.478026	2.653502	37.552881
5437	402345.671111	46.509220	0.658073	2.652688	36.559199
5439	402347.751418	48.380236	0.532678	2.652102	34.631065
5441	402349.832441	48.772865	0.556411	2.650573	35.108347
5443	402351.914152	42.976339	0.486187	2.654141	35.462620
5445	402353.994627	46.803924	0.575637	2.652687	35.604269
5447	402356.074721	47.754776	0.467501	2.651127	36.011346
5449	402358.156256	47.525442	0.575667	2.652322	36.537496
5451	402360.236670	47.564128	0.512880	2.651964	36.527858
5453	402362.317363	46.523402	0.667677	2.654877	33.748942
5455	402364.399366	48.124098	0.770609	2.653200	34.086564
5457	402366.480159	46.579206	0.580408	2.652730	34.705988
5459	402368.562232	48.735719	0.524786	2.652004	34.285160
5461	402370.641513	48.259135	0.596965	2.650529	34.178421
5463	402372.721986	46.365324	0.569924	2.652294	36.066206
5465	402374.803849	47.674966	0.545365	2.650983	35.062225
5467	402376.884708	47.441077	0.576630	2.649414	35.498490
5469	402378.966969	46.922914	0.631428	2.651465	35.692206
5471	402381.046050	46.044298	-0.268506	2.570621	33.777432
5473	402383.126468	46.914356	-2.406440	2.500163	31.466293
5475	402385.206050	46.236623	-2.346067	2.498575	32.628344
5477	402387.288265	46.756117	-4.101768	2.427848	33.958972
5479	402389.381851	44.452142	-7.409775	2.360496	39.339069
5481	402391.464525	44.654144	-7.308915	2.370711	36.949416
5483	402393.543849	47.886584	-7.247833	2.370417	38.671587
5485	402395.626085	48.146367	-8.099343	2.320816	36.078267
5487	402397.717900	48.908779	-9.858393	2.285090	36.220083
5489	402399.794499	49.218071	-9.916425	2.271415	38.974792
5491	402401.879169	46.130606	-9.811160	2.283100	31.644201
5493	402403.956438	48.800030	-9.582480	2.285531	39.246774
5495	402406.039053	48.388975	-9.594286	2.279398	40.055390
5497	402408.121084	48.443236	-9.427183	2.280204	36.725902
5499	402410.199798	46.534877	-9.391455	2.272501	35.027401
5501	402412.281213	48.486558	-9.443113	2.280050	39.760191
5503	402414.371670	47.527789	-10.074093	2.077550	35.132630
5505	402416.461060	45.248680	-7.331474	2.046532	38.027165
5507	402417.937359	4.404898	-1.986587	4.312711	8.422020
5509	402421.005616	44.461197	-0.705889	2.608024	27.878193
5511	402423.090208	43.913696	-0.576546	2.609259	33.584118
5513	402425.169765	43.856269	-0.576805	2.610706	30.723247
5515	402427.251943	44.465784	-0.594541	2.609257	34.298907
5517	402429.330712	44.671138	-0.531673	2.606153	29.623180
5519	402431.411539	42.857692	-0.500533	2.603189	31.552985
5521	402433.492458	43.868715	-1.802326	2.533746	29.517398
5523	402435.578277	44.048334	-4.067823	2.471101	32.448267
5525	402437.657286	44.929523	-3.962961	2.470213	27.899373
5527	402439.740066	44.265040	-5.091424	2.369009	31.704896
5529	402441.833697	45.928400	-6.384651	2.289015	43.262128
5531	402443.913122	45.468293	-6.334874	2.278444	29.258349
5533	402445.991460	46.510718	-6.385148	2.284380	30.027069
5535	402448.070986	38.674013	-6.332960	2.282575	32.996497
5537	402450.154499	42.039818	-6.322184	2.280547	35.583659
5539	402452.233379	44.112420	-6.251414	2.278553	35.330689
5541	402454.313751	46.312453	-6.111091	2.283336	29.600000
5543	402456.393388	46.060557	-6.173894	2.283544	31.993972
5545	402458.475309	45.818725	-6.043690	2.283312	34.902662
5547	402460.556746	46.233849	-6.065896	2.278898	32.502551
5549	402462.635290	44.561606	-5.988306	2.281896	31.811633
5551	402464.718092	46.433702	-5.967167	2.277210	33.367853
5553	402466.799135	44.110039	-5.838891	2.271442	31.916875
5555	402468.880067	42.810250	-5.905395	2.273076	30.401837
5557	402470.964087	45.276901	-5.776861	2.277180	32.991147
5559	402473.041608	45.772349	-5.730917	2.278045	30.646257
5561	402475.123774	45.324928	-5.735525	2.276729	33.560434
5563	402477.204178	45.486096	-5.718737	2.273549	33.505384
5565	402479.284636	46.894284	-5.612430	2.262846	31.412219
5567	402481.363989	40.469480	-5.822081	2.259818	32.649202
5569	402483.443532	44.823433	-5.486649	2.267452	30.548482
5571	402485.524521	42.167888	-5.598421	2.264284	32.139469
5573	402487.605302	44.588593	-5.471833	2.266988	31.525620
5575	402489.685559	44.618936	-5.467084	2.269794	30.651300
5577	402491.767970	45.110516	-5.433501	2.263299	31.848465
5579	402493.848330	45.005725	-5.293048	2.261289	31.445925
5581	402495.928944	44.597843	-5.354526	2.262544	31.270708
5583	402498.011105	44.179991	-5.242880	2.261715	30.738827
5585	402500.092952	45.373468	-5.269068	2.261650	30.510901
5587	402502.171899	44.136971	-5.208629	2.263015	29.236351
5589	402504.252469	45.280459	-5.113307	2.260139	31.767091
5591	402506.333351	44.978288	-5.123810	2.260010	32.139047
5593	402508.413209	45.106278	-5.081829	2.263218	31.799004
5595	402510.493372	42.675723	-5.094389	2.262487	30.287918
5597	402512.573660	41.313790	-5.105158	2.257048	31.630993
5599	402514.654327	40.365291	-5.219299	2.255465	30.921277
5601	402516.735592	44.007250	-4.914619	2.257686	29.555683
5603	402518.816805	43.159713	-4.887379	2.261330	29.685301
5605	402520.897674	43.931314	-4.816632	2.256709	28.733812
5607	402522.978932	41.685123	-4.847546	2.247316	30.397980
5609	402525.060452	40.981528	-4.813186	2.252876	29.186160
5611	402527.141733	44.507863	-4.673603	2.255234	29.561103
5613	402529.223383	44.418442	-4.637688	2.254840	29.769132
5615	402531.303652	43.481512	-4.640553	2.254371	28.195482
5617	402533.384288	43.901163	-4.502911	2.250582	30.367518
5619	402535.464378	43.124706	-4.532266	2.251095	30.632810
5621	402537.544253	43.720196	-4.504431	2.249413	30.688649
5623	402539.625666	39.590509	-4.475892	2.249321	31.380158
5625	402541.706510	42.621653	-4.574726	2.245077	30.733137
5627	402543.787336	44.431866	-4.326217	2.245120	30.126557
5629	402545.868251	43.961554	-4.374806	2.252765	30.262022
5631	402547.948215	44.025877	-4.307815	2.250061	29.839180
5633	402550.030074	44.705377	-4.268400	2.246156	30.830999
5635	402552.110471	42.277231	-4.202380	2.245537	29.687337
5637	402554.192074	43.720662	-4.173440	2.243735	28.837608
5639	402556.270991	41.571935	-4.123526	2.240151	30.393618
5641	402558.351189	41.785246	-4.099232	2.244335	29.693493
5643	402560.431350	43.778365	-4.112792	2.242695	29.782629
5645	402562.511663	43.189195	-3.965112	2.239495	27.973730
5647	402564.592016	39.058852	-3.920481	2.237548	28.033181
5649	402566.672655	43.370268	-3.926464	2.242618	26.962873
5651	402568.754153	43.682332	-3.940395	2.241027	28.481345
5653	402570.835006	42.317032	-3.896204	2.241264	29.348663
5655	402572.915460	42.583517	-3.789809	2.240143	29.342488
5657	402574.995705	41.706816	-3.742908	2.238855	29.162489
5659	402577.076628	42.725735	-3.730258	2.240179	30.007156
5661	402579.156785	41.340948	-3.717847	2.237111	29.324201
5663	402581.238689	41.650547	-3.768808	2.231024	28.752401
5665	402583.318968	42.109252	-3.642765	2.234509	29.468729
5667	402585.399339	41.401078	-3.531311	2.232674	27.935908
5669	402587.480593	43.074337	-3.590740	2.238514	26.659332
5671	402589.560870	42.283231	-3.504309	2.235279	28.348634
5673	402591.641285	40.217459	-3.467486	2.233307	29.306372
5675	402593.722003	40.910517	-3.462573	2.236415	28.855595
5677	402595.803571	43.335281	-3.438050	2.234412	28.990298
5679	402597.883271	42.525722	-3.383669	2.234604	27.897120
5681	402599.964735	43.150619	-3.403103	2.235312	26.943756
5683	402602.045920	42.948600	-3.249268	2.229903	27.394332
5685	402604.127227	42.383574	-3.260290	2.231853	27.880716
5687	402606.209176	41.055433	-3.186671	2.229157	29.662745
5689	402608.289479	42.368288	-3.207727	2.228570	27.979576
5691	402610.369639	43.227915	-3.144531	2.228668	27.663347
5693	402612.450059	40.222527	-3.221105	2.232299	27.123020
5695	402614.530761	37.469972	-3.124612	2.227678	26.346766
5697	402616.612069	42.185392	-2.972058	2.228268	27.582311
5699	402618.692508	42.793178	-3.025383	2.230456	28.203302
5701	402620.772584	40.186749	-2.954656	2.224730	28.390550
5703	402622.853501	42.309103	-2.935704	2.229248	27.330655
5705	402624.934397	42.274558	-2.920387	2.228802	25.387768
5707	402627.015304	41.687980	-2.832783	2.225894	26.241242
5709	402629.096794	42.084783	-2.842248	2.227656	28.119537
5711	402631.174958	40.371989	-2.746531	2.222505	27.929279
5713	402633.256215	40.901964	-2.794318	2.222580	27.832876
5715	402635.336998	41.935418	-2.723556	2.226852	27.024361
5717	402637.417484	41.067817	-2.678814	2.218048	27.376284
5719	402639.499797	42.235310	-2.655530	2.226080	26.183688
5721	402641.577933	38.279413	-2.679011	2.226598	25.300744
5723	402643.657754	37.677090	-2.637388	2.224083	25.829673
5725	402645.738953	41.684736	-2.490478	2.221701	27.264107
5727	402647.818889	40.418187	-2.546770	2.221003	26.610286
5729	402649.900489	39.099613	-2.507289	2.218833	26.738177
5731	402651.980738	40.988623	-2.407013	2.219776	25.426687
5733	402654.061730	40.545493	-2.428595	2.218787	26.368611
5735	402656.141857	39.233883	-2.379363	2.220721	26.125643
5737	402658.223090	41.811357	-2.342560	2.221604	27.551795
5739	402660.303321	38.001757	-2.283201	2.209266	26.394027
5741	402662.384408	41.853961	-2.263259	2.220175	27.088743
5743	402664.464267	38.255520	-2.196705	2.213710	25.606758
5745	402666.544279	40.709174	-2.223498	2.221422	26.825184
5747	402668.625740	40.659099	-2.202230	2.221262	27.946060
5749	402670.705975	41.613793	-2.133247	2.211645	26.924195
5751	402672.786742	40.778589	-2.138190	2.219968	28.420684
5753	402674.868872	41.424029	-2.125572	2.219119	26.106802
5755	402676.949036	41.382947	-2.061283	2.216846	24.867837
5757	402679.031177	41.205045	-1.977384	2.215756	25.449024
5759	402681.112103	41.296090	-1.990460	2.216381	25.156233
5761	402683.192991	40.272367	-1.912794	2.214963	25.405926
5763	402685.273999	41.222486	-1.897671	2.215638	26.312446
5765	402687.354033	40.983883	-1.841522	2.212065	26.454535
5767	402689.437087	40.894955	-1.851862	2.215310	25.851734
5769	402691.514518	33.497717	-1.761267	2.215926	25.529289
5771	402693.595698	40.669426	-1.788139	2.211438	25.653207
5773	402695.677205	40.714741	-1.738640	2.213497	26.011570
5775	402697.757761	40.938277	-1.643537	2.212688	25.038159
5777	402699.839153	40.311503	-1.685386	2.215180	24.330386
5779	402701.919361	38.429996	-1.641884	2.212402	25.606960
5781	402703.999125	35.850660	-1.624096	2.216503	26.420739
5783	402706.079649	40.199213	-1.592993	2.213137	26.210046
5785	402708.160320	40.274518	-1.552647	2.208582	26.078682
5787	402710.242005	39.407457	-1.537096	2.212211	24.369028
5789	402712.321702	39.215080	-1.450615	2.207536	25.344379
5793	402715.555595	0.000000	0.000000	NaN	1.724945
5793	402715.555595	0.000000	0.000000	3.141593	8.335667
5795	402733.029113	0.000000	4.123104	7.000000	8.335667
5797	402735.260495	20.255773	-0.986632	2.349500	6.762682
5811	402738.295045	19.774086	0.906073	-0.878423	61.175258
5827	402746.755935	0.000000	0.000000	NaN	2.576438
5833	402746.860761	0.000000	0.000000	NaN	2.576438
5839	402746.958081	0.000000	0.000000	NaN	2.576438
5845	402747.058142	0.000000	0.000000	NaN	2.576438
5851	402747.160286	0.000000	0.000000	NaN	2.576438
5857	402747.260248	0.000000	0.000000	NaN	2.576438
5859	402747.295878	6.489620	12.113371	1.159677	2.576438
5861	402751.970547	8.547928	5.041845	1.815270	5.059528
5863	402754.047083	15.130526	4.621412	2.228028	4.750734
5865	402756.116369	16.564766	4.368692	2.225366	3.081669
5867	402758.214461	15.241255	4.031813	2.164091	5.892417
5869	402760.281613	16.104733	4.171752	2.198142	3.752858
5871	402762.365376	15.218665	4.081710	2.144369	3.790159
5873	402764.434612	16.393306	3.838084	2.183779	2.852132
5875	402766.515871	15.908198	3.997846	2.177506	5.208478
5877	402768.599355	15.220875	4.240237	2.235266	4.420320
5879	402770.673562	15.445219	3.919543	2.231670	3.993064
5881	402772.782691	8.876236	-1.198633	2.321354	3.473984
5883	402775.532634	6.088727	1.510711	4.558393	4.006492
5885	402779.799052	0.567456	-0.314698	-1.138981	1.026025
5885	402779.799052	0.598247	-0.279530	-1.031256	0.048663
5887	402797.046206	1.190266	-1.449505	0.008840	1.556857
5889	402799.012434	11.111363	1.028456	-0.164529	2.342069
5891	402801.062148	10.183448	0.532467	-0.150241	3.109718
5893	402802.795260	9.732103	0.239235	-0.165182	3.990801
5895	402805.144902	6.647738	0.592882	0.063212	2.087846
5897	402808.211287	5.020951	0.698709	-0.854771	2.276881
5899	402811.261728	11.119544	-3.710652	-0.977522	14.971086
5901	402814.194415	4.448942	2.156200	0.088535	3.444334
5903	402816.161380	2.443931	-0.077643	-1.730618	3.156029
5907	402821.892790	1.663332	1.155755	1.537606	5.511709
5909	402823.329471	7.008519	-0.635117	-0.795343	7.751643
5911	402824.691940	1.404842	-0.610834	2.878323	4.046111
5913	402828.673768	1.406161	0.461587	2.190559	2.796417
5917	402831.694759	4.225529	3.120859	4.671890	8.943037
5921	402834.355074	1.128982	-0.328501	5.384182	10.232013
5923	402841.185809	4.371511	0.520256	-0.632171	2.307606
5925	402845.288545	3.822937	-1.476244	5.589204	1.561219
5927	402847.668142	0.942134	-2.385963	7.000000	6.181257
5929	402850.167144	7.209974	-1.041902	2.932145	8.843673
5933	402854.238505	14.530013	8.621733	1.576690	3.056129
5935	402856.315882	15.163250	7.981937	1.586075	4.001744
5937	402858.415285	14.004666	8.508015	1.551483	2.504835
5939	402860.498029	14.222467	8.692428	1.606688	3.654434
5941	402862.580639	13.247849	9.025130	1.657930	2.946287
5943	402864.663217	13.649156	8.756551	1.567658	2.020392
5945	402866.745809	13.420685	8.997675	1.691964	2.458144
5947	402868.818822	14.040164	8.858890	1.646053	2.209310
5949	402870.911429	13.307021	7.832886	1.644342	1.031904
5951	402873.194251	8.158451	-0.171085	1.619668	5.912045
5953	402875.395939	5.737317	0.793573	4.262264	2.205795
5955	402879.159978	3.754277	2.327708	1.092927	4.368324
5957	402885.343322	2.971066	2.335379	2.884082	5.655102
5959	402888.076679	4.612175	1.856358	-0.763950	4.942250
5961	402893.863996	11.519086	2.206720	0.508660	1.423258
5963	402895.960024	11.310762	2.197171	0.494822	2.484276
5965	402897.626658	6.806078	-4.829908	2.411437	2.257288
5967	402902.076761	64.812985	-1.001125	2.586104	56.253341
5969	402904.160510	64.313709	-0.762538	2.590977	72.469450
5971	402906.240435	65.148731	-0.773765	2.586495	58.593993
5973	402908.319920	65.817776	-0.996626	2.600317	65.718493
5975	402910.401452	64.642888	-0.904462	2.589168	62.449176
5977	402912.483574	64.239742	-0.964602	2.591538	67.528106
5979	402914.564903	65.707685	-0.772651	2.585016	60.355365
5981	402916.644703	65.630687	-0.769162	2.588124	65.098960
5983	402918.725348	65.309546	-0.786661	2.591842	60.616418
5985	402920.806502	65.135433	-0.784865	2.591026	66.965928
5987	402922.888779	61.815385	-0.799253	2.582046	60.715882
5989	402924.970703	65.067312	-0.761792	2.585541	65.994158
5991	402927.052021	65.027309	-0.724596	2.585806	62.788313
5993	402929.133195	62.660697	-0.718552	2.592835	61.715590
5995	402931.214683	63.652335	-0.689099	2.588203	61.231776
5997	402933.295987	64.725786	-0.609274	2.585777	63.677211
5999	402935.376232	63.863135	-0.616984	2.590900	61.609664
6001	402937.457020	64.192885	-0.559935	2.585599	61.681024
6003	402939.537446	62.254669	-0.687869	2.594137	60.699330
6005	402941.619311	63.717159	-0.647215	2.585101	60.519990
6007	402943.700305	61.899209	-0.579183	2.587876	64.147137
6009	402945.782689	64.010030	-0.522600	2.586968	60.275327
6011	402947.863801	63.446636	-0.509764	2.580424	60.988936
6013	402949.943754	61.374083	-0.543429	2.585173	60.569717
6015	402952.024454	63.768133	-0.456814	2.581803	61.565521
6017	402954.105902	60.699677	-0.427012	2.589049	61.610301
6019	402956.188208	62.659025	-0.292163	2.579431	61.380577
6021	402958.269138	62.727248	-0.426277	2.581339	58.586689
6023	402960.350106	62.067105	-0.377506	2.582028	57.798909
6025	402962.430611	62.754974	-0.447754	2.579449	56.805654
6027	402964.511762	63.384203	-0.383948	2.580165	58.887786
6029	402966.592351	62.380129	-0.320957	2.577763	59.449958
6031	402968.672906	62.291001	-0.332829	2.579289	60.615589
6033	402970.754171	31.437701	1.294034	2.613246	58.035149
6035	402973.885803	61.746648	-0.174938	-6.843280	3.869757
6039	402978.047381	61.767886	-0.199191	-6.843683	15.223296
6041	402980.128001	61.879576	-0.169782	-0.559152	14.623541
6043	402982.207919	61.395468	-0.189041	-0.563698	15.100098
6045	402984.289514	58.508260	-1.385099	-0.587786	15.124323
6047	402986.016696	0.720134	-50.003299	1.010065	0.282342
6049	402988.116755	0.408012	-49.755016	1.009753	0.254307
6051	402990.200094	0.186830	44.069896	-2.127611	0.243725
6053	402992.275386	0.000000	46.215232	-2.130744	0.158268
6055	402994.363663	0.000000	47.742946	-2.129561	0.219463
6057	402996.441598	0.103173	46.647241	-2.129045	0.139005
6059	402998.515905	0.000000	50.825962	-2.128877	0.195805
6061	403000.599129	0.000000	49.125444	-2.126509	0.170768
6063	403002.682010	0.000000	48.423442	-2.128078	0.206740
6065	403004.764939	0.000000	49.240847	-2.127697	0.269073
6067	403006.842748	0.000000	49.672461	-2.127766	0.167231
6069	403008.930949	0.000000	48.597635	-2.127956	0.197197
6071	403010.997344	0.011977	50.400745	-2.127537	0.133496
6073	403013.080278	0.000000	50.335829	-2.130415	0.197488
6075	403015.163067	0.000000	50.186009	-2.129414	0.155159
6077	403017.239681	0.025838	50.825943	-2.128774	0.104210
6079	403019.321564	0.130017	48.832473	-2.128003	0.292200
6081	403021.395344	0.000000	51.096515	-2.131772	0.237872
6083	403023.475002	0.105360	50.831434	-2.131079	0.203272
6085	403025.561000	0.008180	49.771415	-2.131388	0.127863
6087	403027.639358	0.010584	50.433949	-2.129426	0.164401
6089	403029.723924	0.292243	50.769326	-2.125582	0.179088
6091	403031.908434	40.281368	0.751003	-0.564584	1.059640
6093	403033.926476	0.000000	36.515675	-2.147054	0.303469
6095	403036.009412	0.237915	44.694103	-2.121390	0.328871
6097	403038.087193	1.061077	45.709899	-2.106782	0.351092
6099	403040.092075	0.000000	49.194415	-2.145008	16.741425
6101	403042.208221	0.690892	51.763107	-2.126019	0.147737
6103	403044.324779	0.830427	45.946305	-2.118189	0.360669
6105	403046.407694	1.632342	48.183480	-2.112086	0.272448
6107	403048.490467	0.935837	47.928371	-2.117386	0.285811
6109	403050.573444	1.005113	46.732661	-2.116518	0.344280
6111	403052.656539	0.123334	49.047738	-2.128870	0.342129
6113	403054.723061	0.574651	47.584962	-2.123957	0.394938
6115	403056.806183	0.390631	45.847170	-2.124197	0.246448
6117	403058.889023	1.301052	47.146536	-2.118953	0.417428
6119	403060.972038	1.732210	51.409793	-2.115118	0.305663
6121	403063.054806	1.125065	45.871824	-2.112181	0.421811
6123	403065.137625	0.000000	50.053194	-2.133558	0.310243
6125	403067.221027	0.000000	47.271897	-2.130608	0.344304
6127	403069.302015	0.677151	48.654308	-2.124584	0.360319
6129	403071.370588	1.421398	47.190863	-2.115857	0.258375
6131	403073.437120	0.105748	48.626455	-2.130819	0.256540
6133	403075.536923	0.000000	49.115197	-2.135223	0.282002
6135	403077.620126	0.178996	45.714703	-2.125620	0.284411
6137	403079.687044	1.792960	49.665134	-2.119182	0.332756
6139	403081.770352	0.000000	49.794751	-2.132455	0.330132
6141	403083.853918	1.559148	-50.035922	0.998446	0.373912
6143	403085.937366	1.548225	47.307285	-2.110726	0.354546
6145	403088.020840	1.144629	47.743713	-2.121666	0.313188
6147	403090.104404	0.000000	46.776330	-2.129381	0.323555
6149	403092.187749	0.000000	-47.291230	1.012491	0.333223
6151	403094.255411	1.145822	45.751900	-2.114362	0.396127
6153	403096.339499	0.620270	46.741874	-2.122775	0.327619
6155	403098.182572	0.674163	56.962928	-2.142308	0.292132
6157	403100.507513	0.993355	44.973574	-2.116144	0.306114
6159	403102.575204	1.126279	47.092384	-2.118334	0.300709
6161	403104.659311	1.365313	45.204280	-2.121327	0.325738
6163	403106.743547	0.000000	48.554727	-2.137284	0.274905
6165	403108.827712	0.000000	49.568209	-2.134098	0.308463
6167	403110.912093	1.444958	44.026302	-2.120639	0.240765
6169	403112.991342	0.704819	45.028888	-2.122846	0.323755
6171	403115.064308	0.818444	44.641111	-2.122442	0.348762
6173	403117.148383	0.551320	47.788171	-2.129119	0.261166
6175	403119.216186	0.744018	48.398459	-2.126992	0.192654
6177	403121.300292	0.973600	45.760762	-2.123661	0.303205
6179	403123.367635	0.443392	47.980765	-2.131605	0.308550
6181	403125.468398	1.035399	50.106423	-2.129198	0.340181
6183	403127.552304	0.092861	46.381483	-2.133745	0.245511
6185	403129.619913	0.000001	42.228294	-2.143803	0.246277
6187	403131.717021	0.491957	46.434730	-2.132227	0.311014
6189	403133.787783	1.348695	46.479267	-2.127286	0.220833
6191	403135.855208	0.292421	48.130416	-2.135226	0.239558
6193	403137.955601	1.638128	47.128051	-2.123156	0.284190
6195	403140.039378	0.504955	46.755181	-2.131929	0.300562
6197	403142.106766	0.000000	-46.539978	1.004731	0.221970
6199	403144.197521	0.749109	-46.086241	0.991309	0.233577
6201	403146.287612	6.431504	-46.257788	0.991781	0.244084
6201	403146.287612	6.450442	-46.264451	0.991557	0.181664
6201	403146.287612	6.438423	-46.254735	0.991863	0.016606
6201	403146.287612	6.439416	-46.254825	0.991839	0.016606
6201	403146.287612	6.450767	-46.264712	0.991535	0.016606
6201	403146.287612	6.439447	-46.244971	0.991835	0.016606
6201	403146.287612	54.535011	5.387366	-0.515489	0.016606
6201	403146.287612	54.535011	5.387366	-0.515489	0.016606
6203	403222.534015	11.824895	3.593414	1.117702	0.016606
6205	403225.187094	7.573080	-36.970188	2.280801	0.651097
6207	403244.397779	9.149906	29.532405	1.650484	0.750666
6209	403247.132081	1.725458	44.919475	1.049582	0.378465
6211	403249.199491	1.845754	47.934494	1.058536	0.350960
6213	403251.283232	1.683788	47.852574	1.038294	0.303468
6215	403253.366902	1.626821	47.830729	1.055114	0.276077
6217	403255.450542	0.494662	50.399362	1.042247	0.350465
6219	403257.533918	1.360519	46.797580	1.051432	0.411565
6221	403259.617356	1.375358	47.469837	1.053731	0.261587
6223	403261.684236	1.049209	50.413021	1.043147	0.292170
6225	403263.767459	1.601741	44.224445	1.049078	0.294213
6227	403265.850656	1.169075	47.914869	1.046909	0.298950
6229	403267.933596	1.453672	48.973830	1.050630	0.340704
6231	403270.016671	0.000000	50.583380	1.036654	0.376931
6233	403272.083089	1.590748	48.826900	1.051044	0.235206
6235	403274.166110	1.396407	47.557632	1.050735	0.274531
6237	403276.248985	1.492148	48.013278	1.052906	0.232663
6239	403278.331895	1.897459	45.920784	1.045883	0.198572
6241	403280.414885	1.718737	48.488572	1.053515	0.306297
6243	403282.497746	0.379023	48.407424	1.041293	0.311045
6245	403284.580806	1.791452	47.628235	1.055464	0.332388
6247	403286.647407	1.189262	46.765657	1.049718	0.362110
6249	403288.730447	1.333344	48.792614	1.048956	0.251156
6251	403290.813637	1.438417	48.281840	1.051430	0.282807
6253	403292.896823	1.314981	46.852896	1.050500	0.300138
6255	403294.980000	1.025131	48.317016	1.042014	0.324622
6257	403297.006262	1.491386	49.816470	1.047987	0.341367
6259	403299.092410	1.402422	50.305668	1.039870	0.018398
6261	403301.162894	1.392799	51.200992	1.038606	0.143044
6263	403303.296352	1.226161	48.423098	1.045806	0.059709
6265	403305.379662	1.634379	48.633619	1.048351	0.312219
6267	403307.462923	0.968820	50.259024	1.044546	0.283219
6269	403309.546310	1.562678	47.180886	1.053014	0.223410
6271	403311.596426	1.815978	31.647750	1.052408	0.335761
6273	403313.696448	2.278301	48.138557	1.046284	0.238897
6275	403315.779959	0.648767	47.882408	1.041074	0.275292
6277	403317.846784	1.511037	47.784794	1.045404	0.284995
6279	403319.946861	1.277303	46.124194	1.048270	0.330029
6281	403322.013766	1.847110	40.624388	1.055137	0.235096
6283	403324.111625	1.910062	45.398573	1.051377	0.220320
6285	403326.180750	1.981041	47.735459	1.053078	0.270332
6287	403328.264301	2.382451	46.249705	1.043746	0.231188
6289	403330.347932	1.229783	51.016764	1.043236	0.215784
6291	403332.431481	1.281456	46.527791	1.039413	0.327300
6293	403334.498524	1.623536	49.450328	1.044584	0.245676
6295	403336.582087	1.687734	47.520796	1.050377	0.293656
6297	403338.665643	1.832774	47.672781	1.051489	0.177123
6299	403340.749029	1.443846	47.270080	1.049813	0.218075
6301	403342.816267	1.659293	48.194500	1.047633	0.218958
6303	403344.913187	1.888947	47.268937	1.047845	0.264823
6305	403346.983370	1.445546	50.181081	1.041520	0.253080
6307	403349.066988	1.513308	48.762823	1.048676	0.265126
6309	403351.150539	1.735543	46.885408	1.054159	0.331559
6311	403353.233985	2.337099	45.917759	1.052425	0.290653
6313	403355.301133	1.061282	49.538863	1.041922	0.272163
6315	403357.384617	1.703145	47.427910	1.050668	0.241715
6317	403359.468009	1.835578	48.209435	1.049652	0.199486
6319	403361.534826	1.499633	47.796761	1.045351	0.274654
6321	403363.618306	1.424683	47.227782	1.046549	0.220736
6323	403365.701654	1.688240	47.376359	1.049864	0.242795
6325	403367.801404	1.517185	45.398122	-5.235815	0.251352
6327	403369.868292	1.492034	47.170778	-5.235221	0.247251
6329	403371.951378	0.799235	49.019187	-5.243983	0.162603
6331	403374.034336	1.659764	46.413677	-5.232326	0.264560
6333	403376.100887	3.321137	46.890950	-5.253884	0.205836
6335	403378.184050	1.658971	47.290482	-5.236536	0.225463
6337	403380.266905	1.483352	48.442166	-5.239028	0.211437
6339	403382.350000	2.106237	47.000475	-5.234323	0.263293
6341	403384.432781	1.980185	48.025873	-5.234896	0.173570
6343	403386.448928	1.556839	48.135251	1.037106	0.198678
6345	403388.509611	1.706553	44.143678	1.033315	0.261246
6347	403390.597981	1.620675	48.671089	1.032175	0.020266
6349	403392.692367	1.679846	47.549231	1.033215	0.088634
6351	403394.776972	1.709516	46.303835	1.036205	0.046766
6353	403396.829994	1.605511	46.765757	1.034628	0.057846
6355	403398.941917	1.984513	41.815015	1.043840	0.144615
6357	403400.979320	1.830669	47.748801	1.032779	0.106744
6359	403403.092354	1.624605	47.678459	1.034463	0.123299
6361	403405.162186	1.621591	46.671977	1.033777	0.227145
6363	403407.228774	1.711778	46.962983	1.034645	0.148923
6365	403409.328565	1.778911	41.205597	1.043238	0.161740
6367	403411.408146	1.679113	46.481849	1.034585	0.277398
6369	403413.478746	1.607383	49.117565	1.031196	0.121265
6371	403415.578919	1.623973	47.329357	1.035918	0.138152
6373	403417.645718	1.620611	48.649049	1.032322	0.072199
6375	403419.712569	1.682571	47.879846	1.032309	0.237172
6377	403421.796054	1.600278	47.322947	1.034434	0.066689
6379	403423.892578	1.685449	46.547061	1.033372	0.194740
6381	403425.990771	1.800250	43.712044	1.042285	0.053486
6383	403428.044364	1.593091	47.379432	1.034832	0.109272
6385	403430.129528	1.497417	47.077667	1.036120	0.108715
6387	403432.212720	1.598836	47.581634	1.033412	0.235276
6389	403434.309200	1.623786	47.922619	1.034735	0.096110
6391	403436.358962	1.628777	48.293238	1.031732	0.100520
6393	403438.446178	1.694219	46.798864	1.033302	0.085638
6395	403440.538937	1.599882	47.408485	1.034337	0.081102
6397	403442.607651	1.601615	45.871040	1.035216	0.093551
6399	403444.679714	1.664297	46.643877	1.033328	0.079570
6401	403446.789008	1.664754	46.887093	1.034231	0.176526
6403	403448.875952	1.956392	43.807208	1.037763	0.138816
6405	403450.930076	1.674005	47.601926	1.032570	0.160949
6407	403453.013489	1.676879	46.675948	1.033380	0.162623
6409	403455.094960	1.917814	43.350222	1.042958	0.250670
6411	403457.164074	1.670503	45.263101	1.035913	0.125272
6413	403459.247557	1.683225	46.223602	1.035489	0.066676
6415	403461.331174	1.738806	46.515773	1.034067	0.159907
6417	403463.426143	1.668747	45.568559	1.034540	0.288234
6419	403465.498011	1.679094	46.478363	1.034495	0.209252
6421	403467.594781	1.698715	47.477071	1.034818	0.129155
6423	403469.659399	2.157483	45.764586	1.037194	0.125834
6425	403471.759672	1.671337	46.404042	1.036996	0.169906
6427	403473.830651	1.648556	47.392122	1.033330	0.063113
6429	403475.914367	1.698374	45.852452	1.035199	0.154740
6431	403477.989987	2.310502	44.381618	1.041589	0.171351
6433	403480.063541	1.779141	43.630925	1.036326	0.133304
6435	403482.141211	1.797356	45.297018	1.037547	0.146361
6437	403484.240400	1.672696	46.296663	1.036814	0.113660
6439	403486.312104	1.739937	43.222266	1.039707	0.184734
6441	403488.405895	1.726054	45.791829	1.036618	0.108957
6443	403490.444682	1.808385	44.796838	1.035727	0.194821
6445	403492.544084	1.668096	45.256825	1.036711	0.115862
6447	403494.610461	1.668103	46.083142	1.033910	0.209778
6449	403496.693243	2.000808	45.632401	1.035108	0.154973
6451	403498.776165	1.679729	45.589588	1.035115	0.273531
6453	403500.875424	1.668315	44.890951	1.035076	0.143896
6455	403502.958436	1.705590	43.024689	1.036264	0.128419
6457	403505.041313	1.724336	45.650078	1.034803	0.134037
6459	403507.107707	1.763212	44.165846	1.036751	0.109547
6461	403509.203535	1.683563	43.913116	1.037416	0.283494
6463	403511.273716	1.736153	45.431849	1.036215	0.196913
6465	403513.340242	1.704976	45.324828	1.036814	0.137451
6467	403515.451401	1.679267	45.454689	1.036331	0.161539
6469	403517.522830	1.708026	44.800110	1.034886	0.150902
6471	403519.614905	1.842185	44.271089	1.038336	0.199529
6473	403521.672456	1.731577	42.722881	1.034747	0.214273
6475	403523.766881	1.781866	44.039581	1.038234	0.164403
6477	403525.833382	1.703191	44.902211	1.036823	0.152256
6479	403527.921790	1.704370	44.433194	1.036992	0.197829
6481	403530.005101	1.739798	43.642902	1.039795	0.201401
6483	403532.071651	2.151445	33.159199	1.052722	0.156950
6485	403534.166805	1.815900	42.880823	1.040253	0.164993
6487	403536.233252	1.832469	44.857628	1.036081	0.093973
6487	403536.233252	1.824638	44.770219	1.035881	0.211032
6489	403548.944779	3.434171	0.522694	-0.608351	0.211032
6491	403552.347808	29.583127	1.019044	-0.462007	7.934950
6493	403555.463940	26.621068	2.414487	2.632959	7.479151
6495	403558.590344	43.382312	2.049150	-0.531597	6.968532
6499	403562.752081	43.536505	2.024907	-0.532204	7.290030
6501	403564.832007	41.414963	1.930515	-0.534302	7.613009
6503	403566.913267	41.658134	2.599222	-0.523403	7.435197
6505	403568.993777	43.675484	1.896396	-0.532754	6.968571
6507	403571.075712	43.371702	1.976032	-0.534296	7.747842
6509	403573.156227	44.325193	1.976328	-0.533757	7.730338
6511	403575.236577	43.496234	1.961552	-0.532401	7.556145
6513	403577.315778	43.694857	1.932095	-0.534000	7.441733
6515	403579.398648	43.995179	1.916007	-0.534501	7.442629
6517	403581.479828	42.992341	2.417281	-0.527032	7.333399
6519	403583.560407	42.407810	2.099235	-0.529751	7.257950
6521	403585.640939	43.075365	1.903103	-0.532879	7.252442
6523	403587.721612	44.265536	1.937813	-0.530651	7.230415
6525	403589.802732	43.137246	1.916850	-0.533559	7.365615
6527	403591.880804	43.865139	2.489982	-0.523382	7.524886
6529	403593.963416	43.225686	2.173539	-0.528221	7.349525
6531	403596.044588	42.590897	1.842941	-0.528271	6.923604
6533	403597.673880	31.547952	-20.496661	0.054495	6.901470
6535	403601.206971	19.893696	0.053753	3.076809	3.207532
6537	403603.288777	24.724582	0.620613	3.011925	2.552037
6539	403605.371787	25.327724	0.494680	3.012282	2.818692
6541	403608.044189	26.944110	-1.719525	2.855796	2.346565
6543	403610.233426	77.940222	6.476929	2.583661	25.476397
6545	403612.315157	77.603273	7.399297	2.584706	23.370784
6547	403614.397521	77.150488	7.289364	2.585043	24.203374
6549	403616.477850	77.301649	6.811853	2.586012	25.264153
6551	403619.775321	15.478608	-2.157025	2.545251	24.121674
6553	403622.163138	8.675213	0.608508	2.677136	7.591304
6555	403628.074367	5.566139	-4.313447	-1.609374	3.191561
6557	403633.748832	31.213136	-6.277509	-0.682830	1.333552
6559	403635.832805	43.781642	-2.080758	-0.537158	9.398271
6561	403637.915767	44.592991	-2.166356	-0.535959	7.804515
6563	403639.993988	44.656335	-2.041163	-0.535171	7.053147
6565	403642.075191	44.775133	-2.028660	-0.537627	8.586171
6567	403644.155835	44.210027	-2.066154	-0.536879	7.988127
6569	403646.237962	44.404824	-1.931779	-0.539215	7.066917
6571	403648.317694	43.822105	-1.924818	-0.537061	7.849870
6573	403650.400796	44.628327	-2.132154	-0.540730	7.850675
6575	403652.480804	44.561624	-1.996144	-0.540328	7.056564
6577	403654.560277	44.511983	-1.918740	-0.540022	7.654556
6579	403656.641849	44.568894	-1.887957	-0.541949	8.081386
6581	403658.722887	44.595578	-1.888249	-0.542774	7.322768
6583	403660.803825	45.099575	-2.277392	-0.548367	7.753898
6585	403662.885476	44.032982	-2.146870	-0.541298	7.923022
6587	403664.965843	44.478414	-1.810909	-0.542168	7.683574
6589	403671.158455	0.208567	14.930449	-5.367763	7.472418
6591	403673.605813	50.567920	-2.115949	2.593246	11.043364
6593	403675.688525	50.076535	-1.953316	2.592622	9.050385
6595	403677.769934	48.902713	-1.841797	2.590193	9.667083
6597	403679.850114	49.386337	-2.158046	2.588670	10.096958
6599	403681.930991	50.684031	-2.357880	2.585974	9.693427
6601	403684.011631	50.317250	-1.890762	2.588414	9.781439
6603	403686.092957	49.555200	-1.847995	2.588217	9.318914
6605	403688.172941	47.724648	-1.698363	2.587560	9.330009
6607	403690.253043	48.709308	-1.654035	2.587154	9.370170
6609	403692.335371	48.949929	-1.725535	2.586095	9.617604
6611	403694.415732	51.031764	-2.856728	2.580220	9.378794
6613	403696.086531	300.000000	136.275380	1.691281	8.989285
6615	403718.758039	12.972001	-3.314132	2.836295	0.413362
6619	403723.215444	47.156741	2.549470	2.598689	7.662148
6621	403725.294069	46.510819	2.835244	2.598043	9.554049
6623	403727.374540	43.340298	2.554018	2.605383	8.398675
6625	403729.455012	46.026131	2.505068	2.596335	7.629859
6627	403731.534647	46.262101	2.529932	2.597802	8.647737
6629	403733.615492	45.845987	2.516824	2.598698	8.057541
6631	403735.696669	46.507541	2.379666	2.597250	8.011865
6633	403737.776739	46.263496	2.345384	2.597619	8.493532
6635	403739.858599	45.711839	2.618614	2.599402	8.404343
6637	403741.939730	46.780539	2.694188	2.600896	8.147715
6639	403744.021293	45.959649	2.421983	2.599378	8.028102
6641	403746.103772	45.686082	2.415946	2.598839	8.565491
6643	403748.185130	45.730530	2.452103	2.598148	7.781143
6645	403750.267820	45.144896	0.820903	2.553047	7.622362
6647	403752.354412	46.752185	-2.661438	2.522713	8.445121
6649	403754.434708	44.797474	-2.378704	2.527491	8.105226
6651	403756.515183	46.582300	-3.980111	2.474942	7.202797
6653	403758.610930	48.517048	-6.240667	2.436675	10.109255
6655	403760.691150	47.575469	-6.319747	2.440534	8.387812
6657	403762.772031	47.707279	-6.172949	2.438511	9.203914
6659	403764.853169	48.214635	-6.561005	2.432856	9.014593
6661	403766.934046	48.388151	-6.606357	2.364770	8.417203
6663	403769.026364	50.377573	-7.330723	2.314206	9.584895
6665	403771.110045	52.081992	-9.021927	2.275239	10.602702
6667	403773.191853	50.939125	-7.428030	2.307288	10.230083
6669	403775.272996	49.055748	-7.317851	2.300088	9.415164
6671	403777.355990	52.877108	-7.530535	2.187286	10.324657
6673	403779.445739	57.825276	-8.905992	2.091097	12.761318
6675	403781.526925	55.242156	-7.571595	2.117597	13.374018
6677	403783.606285	56.539241	-8.300746	2.100989	11.492292
6679	403785.686908	55.624289	-7.471085	2.111327	12.001179
6681	403787.770106	56.648194	-8.341002	2.063102	12.629206
6683	403789.852483	56.931739	-8.078625	2.046483	13.190055
6685	403791.933108	59.145623	-7.597209	2.038656	12.831743
6687	403794.016537	57.637563	-7.386504	2.042161	14.269068
6689	403796.096536	58.449555	-7.828157	2.021970	12.760269
6691	403798.182007	57.577661	-8.882912	2.021048	14.295753
6693	403800.263908	59.524771	-8.376295	2.024912	14.553388
6695	403802.342259	58.900121	-7.931018	2.010149	13.635964
6697	403804.423842	59.071647	-7.674475	2.014035	14.860823
6699	403806.502374	57.286937	-8.366426	2.010744	14.105666
6701	403808.583500	58.664305	-8.089393	2.021337	14.780639
6703	403810.666185	59.011072	-7.463007	2.011299	14.310623
6705	403812.748737	60.160429	-8.202116	1.994488	13.233871
6707	403814.831568	60.068848	-7.376140	2.011156	14.251616
6709	403816.910913	61.565792	-9.168815	1.980090	13.844261
6711	403818.991943	59.096822	-7.378039	2.002918	14.015093
6713	403821.072855	59.422224	-7.242225	2.006230	13.454950
6715	403823.152843	56.173970	-9.679249	1.973235	13.079184
6717	403825.233262	60.016034	-7.065437	2.002474	14.176308
6719	403827.313777	57.834681	-7.043992	2.003913	13.818308
6721	403829.394449	58.389296	-6.945957	2.001895	13.491839
6723	403831.475748	57.483750	-7.030011	2.000614	13.763262
6725	403833.558024	57.807157	-7.060930	1.996219	13.457997
6727	403835.639396	58.795652	-6.811213	1.999461	12.483159
6729	403837.720354	58.527282	-6.790550	1.996888	13.786181
6731	403839.802205	56.882071	-7.104200	1.998069	14.201239
6733	403841.883580	55.443629	-7.960870	2.002261	14.028345
6735	403843.963909	57.511432	-7.925001	1.973832	13.744267
6737	403846.043741	57.797247	-7.162730	1.991315	12.995819
6739	403848.122753	60.521748	-6.437034	1.988817	13.101982
6741	403850.203507	58.676097	-7.117483	1.990139	13.578508
6743	403852.284006	57.997159	-6.751027	2.002810	13.224330
6745	403854.364720	57.219906	-6.494616	1.995143	13.810214
6747	403856.445840	57.940648	-6.442942	1.996231	12.964980
6749	403858.527259	57.591797	-6.141381	1.990018	13.069469
6751	403860.608523	58.235650	-6.322377	1.983269	13.318113
6753	403862.691155	58.379448	-6.388948	1.977427	13.272108
6755	403864.772916	55.142359	-6.477398	1.989657	12.785404
6757	403866.854113	55.903320	-6.507782	1.995937	13.142576
6759	403868.935575	57.431901	-5.829671	1.990773	12.656157
6761	403871.016585	59.671711	-5.977840	1.976439	12.815378
6763	403873.096640	56.041195	-5.806563	1.987264	12.907995
6765	403875.177279	59.105421	-5.866223	1.977804	13.040936
6767	403877.258058	58.811173	-5.643753	1.981247	13.086034
6769	403879.338344	56.666185	-5.611130	1.985814	12.711265
6771	403881.419076	56.427693	-5.625525	1.979844	12.691904
6773	403883.499271	57.055406	-5.676322	1.974589	12.636714
6775	403885.579754	57.244847	-5.903391	1.975539	13.151468
6777	403887.660161	56.455819	-5.426973	1.977677	12.959665
6779	403889.740465	56.831956	-5.305048	1.975145	13.140472
6781	403891.821730	55.474600	-5.631980	1.976226	12.598317
6783	403893.902927	55.425351	-6.125987	1.993421	13.139580
6785	403895.985621	57.393168	-5.199951	1.976525	12.591224
6787	403898.067384	54.234365	-6.226040	1.978986	12.623167
6789	403900.182301	35.408816	5.341571	2.167128	12.252985
6791	403902.979229	23.638894	5.478825	2.417599	8.898014
6793	403907.256413	35.690722	-0.516975	2.558502	6.061245
6795	403909.338215	30.091823	-0.331782	2.590943	4.740297
6797	403911.417599	36.187581	-1.344513	2.549453	4.318555
6799	403913.504100	34.723809	-3.945573	2.578408	5.467735
6801	403915.588643	38.047685	-3.652238	2.359826	4.559627
6803	403917.671516	39.405269	-3.217246	2.192838	5.580582
6805	403919.747051	43.303305	-1.600803	1.995419	6.106285
6807	403921.815153	46.993989	0.680307	1.924810	8.677158
6809	403925.630371	8.968691	38.143024	0.815997	4.342818
6811	403927.707515	40.084652	0.935561	-0.461512	6.724709
6813	403929.788574	40.753575	0.972591	-0.458118	6.516298
6815	403931.867779	40.948300	0.675363	-0.462697	5.700993
6817	403933.949237	40.431227	-3.081480	-0.586123	5.746744
6819	403936.029120	39.937848	-3.078392	-0.581326	7.081947
6821	403938.134338	45.312303	-6.305388	-0.903386	6.658758
6823	403940.216598	43.739838	-6.914227	-0.920847	8.942136
6825	403942.296565	45.175204	-7.034034	-0.913773	8.925313
6827	403944.380802	47.208957	-7.204775	-1.023353	8.409228
6829	403946.460206	45.787507	-7.269933	-1.019442	9.914531
6831	403948.543527	46.616876	-7.483251	-1.034702	7.849381
6833	403950.626047	46.741552	-7.374266	-1.034699	8.474627
6835	403952.706855	44.998625	-7.382546	-1.046940	8.872760
6837	403954.787835	46.618694	-7.667478	-1.043714	9.227397
6839	403956.869190	46.052954	-6.990808	-1.027702	9.062448
6841	403958.948582	47.668024	-7.054282	-1.037684	8.031899
6843	403961.029901	44.987901	-7.106549	-1.037797	8.509264
6845	403963.111486	46.813531	-6.922017	-1.034838	9.092225
6847	403965.192798	48.643665	-7.576551	-1.056107	7.722227
6849	403967.273004	46.518404	-7.233004	-1.038545	8.368252
6851	403969.353004	46.696505	-6.775428	-1.037139	8.997949
6853	403971.430371	46.077991	-6.977100	-1.041495	8.400422
6855	403973.511324	47.723628	-6.861864	-1.052958	8.780436
6857	403975.590276	45.362047	-7.280955	-1.043707	8.504800
6859	403977.676329	45.492831	-6.575030	-1.040014	9.098150
6861	403979.758196	45.655617	-6.433550	-1.032557	8.668342
6863	403981.837036	44.976214	-6.628315	-1.043694	9.004133
6865	403983.915400	46.154111	-6.343988	-1.047823	8.746403
6867	403985.994002	45.369706	-6.445934	-1.047745	8.594200
6869	403988.076027	45.461732	-6.438179	-1.049824	8.903939
6871	403990.158327	45.032103	-6.132426	-1.045836	8.346922
6873	403992.241472	44.856940	-6.398363	-1.048826	8.313072
6875	403994.325321	54.108286	-5.642402	-1.332198	9.561613
6877	403996.404792	55.861151	-5.965677	-1.342546	13.291421
6879	404000.013102	23.632846	20.350604	0.044561	11.858015
6883	404004.173290	32.653594	-0.813937	-0.533021	4.429385
6885	404006.252066	32.840226	-0.783459	-0.539304	4.389469
6887	404008.332900	30.669935	-0.748210	-0.528913	3.898138
6889	404010.416249	28.046324	-0.783550	-0.498894	4.419680
6891	404012.498488	32.466247	-0.783765	-0.547325	4.925023
6893	404014.583017	32.344379	-2.256314	-0.636017	4.112680
6895	404016.665862	32.462437	-2.457404	-0.648172	4.602503
6897	404018.747590	33.215003	-2.476199	-0.638956	3.610915
6899	404020.824271	32.365044	-2.185192	-0.673736	5.342975
6901	404022.903554	33.736873	-2.056576	-0.659398	3.966905
6903	404024.983982	32.942095	-2.330944	-0.666603	4.241266
6905	404027.062742	27.787967	-2.351810	-0.649313	4.572654
6907	404029.158336	32.101882	-6.093639	-0.904462	4.015731
6909	404031.236724	33.125319	-6.721111	-0.915001	4.666904
6911	404033.323465	30.416545	-6.834873	-0.906892	5.153493
6913	404035.401427	35.814218	-6.867727	-0.931481	5.089692
6915	404037.483701	34.632096	-7.303136	-0.912481	4.292899
6917	404039.566067	34.251939	-6.812195	-0.921767	4.568571
6919	404041.646485	32.464777	-6.289652	-0.921847	5.280060
6921	404043.730355	38.844379	-4.527291	-1.228055	6.127792
6923	404045.813418	39.833745	-4.563459	-1.234861	5.970333
6925	404047.895366	38.955648	-4.612233	-1.239955	6.750259
6927	404049.954486	40.498566	-5.994601	-1.201451	6.897342
6929	404052.036044	40.792771	-5.315254	-1.205243	6.260840
6931	404054.115927	38.994353	-5.479403	-1.212613	6.752039
6933	404056.188986	44.198517	-5.365986	-1.176179	7.954956
6935	404058.269639	45.737485	-5.431018	-1.182299	8.532658
6937	404060.349226	45.343115	-5.284724	-1.184485	8.174827
6939	404062.426373	44.561642	-5.320176	-1.189774	8.614983
6941	404064.507050	45.055895	-5.101588	-1.186481	8.937896
6943	404066.595287	47.817981	-5.634178	-1.245855	8.447969
6945	404068.679105	49.474435	-6.251963	-1.260069	9.416593
6947	404070.762067	48.457956	-5.989317	-1.246736	9.553870
6949	404072.842300	49.023820	-5.839309	-1.247755	9.909591
6951	404074.921155	47.698974	-5.971106	-1.250839	9.943526
6953	404076.999326	48.235312	-5.020957	-1.239188	8.751704
6955	404079.061889	49.895881	-2.328321	-1.283126	9.758528
6957	404081.142378	48.974165	-2.257667	-1.282286	8.615303
6959	404083.222704	49.482351	-2.418203	-1.282729	9.502725
6961	404085.303178	49.672200	-2.342125	-1.286046	9.649130
6963	404087.384343	49.243329	-2.126664	-1.282790	8.928160
6965	404089.465726	48.789222	-2.062883	-1.281245	9.869799
6967	404091.545562	49.086669	-2.103505	-1.282838	9.794309
6969	404093.625744	49.146428	-2.306337	-1.281794	9.562649
6971	404095.706954	49.989482	-1.976273	-1.283699	9.726681
6973	404097.785733	48.156238	-1.618076	-1.277878	9.831842
6975	404099.867718	47.655475	-1.847791	-1.279520	9.641060
6977	404101.948430	49.042921	-1.800392	-1.281467	9.529179
6979	404104.029101	49.242378	-1.773950	-1.283322	9.076989
6981	404106.111582	47.858236	-1.920841	-1.276567	9.155644
6983	404108.193535	47.048952	-1.761922	-1.280466	9.413147
6985	404110.274834	48.409615	-1.652317	-1.283966	9.152351
6987	404112.357509	48.802318	-1.570460	-1.284122	9.320847
6989	404114.437881	47.602979	-1.418081	-1.280595	9.577147
6991	404116.518269	48.689470	-0.958668	-1.279648	9.633421
6993	404118.574667	51.404876	1.919353	-1.348724	10.140468
6995	404120.654792	50.515176	2.545900	-1.344739	9.835429
6997	404122.734917	51.265284	2.128341	-1.347212	10.192452
6999	404124.813126	51.746199	3.768489	-1.349783	9.746690
7001	404126.893060	52.804538	2.885501	-1.355977	10.806214
7003	404128.973820	52.530157	2.434568	-1.361226	10.633317
7005	404131.053980	51.358881	2.698990	-1.354367	10.130784
7007	404133.151325	46.093238	1.747071	-1.258374	10.637935
7009	404135.235174	39.137863	1.353723	-1.091322	5.720155
7011	404137.318709	36.913182	1.383863	-1.085802	5.566044
7013	404139.395946	39.433397	3.288880	-1.010898	6.625834
7015	404144.800368	20.679020	-7.189477	-0.743010	5.938034
7017	404146.884315	41.135998	-3.083534	-0.554460	6.112465
7019	404148.964323	42.164487	-3.003939	-0.555524	6.273804
7021	404151.042266	42.390922	-2.965997	-0.555965	7.298982
7023	404153.120588	41.063504	-2.881136	-0.553913	7.740115
7025	404155.203221	41.809127	-2.894960	-0.554008	6.616230
7027	404157.285928	41.722132	-4.130189	-0.566997	6.821802
7029	404159.398449	44.097761	-12.071116	-0.870486	8.045119
7031	404161.482829	40.001695	-14.011621	-0.890385	8.716924
7033	404163.559405	44.579949	-13.399123	-0.879209	7.626595
7035	404165.639122	43.660593	-13.140088	-0.870126	6.717276
7037	404167.723528	43.584242	-13.213740	-0.887140	8.518922
7039	404169.805179	43.590413	-13.030679	-0.877939	7.491697
7041	404171.883072	42.526384	-13.103558	-0.884595	6.206666
7043	404173.963173	43.668296	-13.156030	-0.892308	8.952501
7045	404176.050192	42.363519	-12.935795	-0.871620	8.143324
7047	404178.127866	43.338748	-12.939955	-0.894416	7.886269
7049	404180.209750	43.629003	-12.824915	-0.901653	8.099346
7051	404182.292101	41.653861	-14.645511	-0.904082	7.111924
7053	404184.374146	41.264125	-15.049879	-0.917166	8.159682
7055	404186.456439	41.069885	-12.925260	-0.908450	8.039364
7057	404188.536804	42.464068	-12.712044	-0.903865	6.920074
7059	404190.616608	43.837842	-13.004121	-0.926726	8.316732
7061	404192.699618	43.009914	-12.619686	-0.900818	7.947821
7063	404194.778978	40.041789	-13.474010	-0.909311	7.509757
7065	404196.857342	40.859207	-14.075634	-0.895230	7.829425
7067	404198.939517	44.783893	-13.179652	-0.940672	7.337800
7069	404201.019050	42.348325	-12.397749	-0.906143	8.083372
7071	404203.097372	42.815669	-12.332659	-0.913800	7.378113
7073	404205.179666	42.822747	-12.296383	-0.909414	6.860779
7075	404207.261354	42.066628	-12.536117	-0.926007	7.112496
7077	404209.341878	43.944401	-12.564549	-0.924145	6.862393
7079	404211.424720	43.107310	-12.073078	-0.905648	6.658222
7081	404213.505404	41.462671	-12.553426	-0.941101	7.523069
7083	404215.586737	41.840951	-12.215315	-0.937315	7.601492
7085	404217.667517	41.560816	-12.164338	-0.917580	7.668351
7087	404219.749620	41.346884	-11.972902	-0.913642	7.501538
7089	404221.830302	38.522259	-12.446063	-0.928437	7.481451
7091	404223.908865	42.496543	-11.830645	-0.922810	7.142635
7093	404225.990582	41.773056	-11.927755	-0.930533	7.465450
7095	404228.071432	42.712448	-11.645028	-0.931259	7.029756
7097	404230.149737	41.115165	-11.809010	-0.938355	7.073955
7099	404232.231714	42.845246	-11.865672	-0.939597	7.345515
7101	404234.312114	41.741066	-11.821072	-0.951665	7.100510
7103	404236.391311	42.016314	-11.573913	-0.937597	7.382311
7105	404238.472500	41.601102	-11.500022	-0.947233	7.592171
7107	404240.551707	41.848056	-11.362259	-0.950264	7.474549
7109	404242.632033	43.427798	-11.435868	-0.952491	7.827729
7111	404244.713028	42.264053	-11.473963	-0.951026	7.720574
7113	404246.791703	41.259393	-11.282879	-0.943904	7.339665
7115	404248.873287	41.208463	-11.798849	-0.943428	7.461796
7117	404250.954026	38.652545	-11.397433	-0.948169	7.941165
7119	404253.035260	41.881060	-11.053919	-0.942961	7.444404
7121	404255.115700	42.020996	-11.049994	-0.953743	7.142262
7123	404257.196607	42.204814	-11.863999	-0.966661	7.563374
7125	404259.276696	42.572033	-12.245303	-0.957908	7.397456
7127	404261.358378	41.848022	-11.585390	-0.949340	7.067164
7129	404263.439142	42.425405	-11.216262	-0.966513	6.814262
7131	404265.521340	43.523253	-11.482604	-0.984424	6.997554
7133	404267.602480	42.732724	-11.365769	-0.984794	7.306323
7135	404269.682136	40.655081	-10.993213	-0.965609	7.523636
7137	404271.764571	40.913150	-10.697372	-0.945617	7.536306
7139	404273.846682	41.204189	-10.866861	-0.959347	7.589163
7141	404275.929157	42.530126	-10.691891	-0.967063	7.093197
7143	404278.009121	40.013631	-10.763380	-0.977059	7.199839
7145	404280.090189	41.576469	-10.475719	-0.976366	7.106951
7147	404282.172193	40.645503	-13.508105	-0.964016	6.926501
7149	404284.253193	41.006479	-11.019900	-0.989361	6.983511
7151	404286.332699	41.347039	-10.389497	-0.966962	6.870209
7153	404288.426764	43.096586	-11.276691	-1.199394	6.908997
7155	404290.509448	43.578940	-11.316768	-1.197197	8.885438
7157	404292.590358	43.131324	-11.368537	-1.199675	8.189229
7159	404294.671399	43.131717	-11.191299	-1.199784	10.201868
7161	404296.752639	44.620318	-11.703409	-1.215196	7.833055
7163	404298.827934	43.477707	-11.339826	-1.204446	7.300813
7165	404300.917181	47.886926	-10.400507	-1.327352	10.720833
7167	404302.999611	46.840372	-10.522061	-1.333784	10.295357
7169	404305.082512	47.713036	-10.321271	-1.330827	11.069109
7171	404307.163727	48.901225	-11.145633	-1.346315	9.640186
7173	404309.240908	47.922113	-10.936524	-1.339145	9.483501
7175	404311.323665	45.531768	-10.116688	-1.322556	10.894526
7177	404313.405823	47.792053	-10.947872	-1.338318	10.238384
7179	404315.483397	48.122224	-10.110567	-1.329462	9.428951
7181	404317.564860	47.206219	-9.942010	-1.329924	10.399388
7183	404319.644345	47.949251	-9.944556	-1.336786	9.713222
7185	404321.723160	46.935180	-9.824038	-1.325722	9.444183
7187	404323.802571	47.478160	-9.673669	-1.337668	9.895944
7189	404325.882156	47.942798	-10.169640	-1.348888	8.812343
7191	404327.966211	46.772488	-9.905969	-1.338355	9.476070
7193	404330.048171	47.868674	-9.627502	-1.336655	8.622859
7195	404332.130271	47.814483	-10.525270	-1.355092	9.314102
7197	404334.208683	47.761433	-9.410091	-1.341763	8.954602
7199	404336.287648	46.729182	-9.916656	-1.344857	9.262482
7201	404338.367724	47.136233	-9.329959	-1.345893	9.005211
7203	404340.448494	47.267676	-9.141449	-1.341008	8.772185
7205	404342.531530	46.440664	-9.242697	-1.348994	9.203764
7207	404344.613390	46.520837	-9.646800	-1.356315	8.521129
7209	404346.695054	47.696297	-9.379497	-1.351385	9.260797
7211	404348.775785	46.815800	-9.905510	-1.352917	8.969742
7213	404350.855910	46.480900	-9.896740	-1.349738	8.647621
7215	404352.936966	47.644503	-9.552246	-1.355189	9.176234
7217	404355.017564	46.819103	-9.890868	-1.360277	9.067391
7219	404357.097701	47.148712	-8.828671	-1.349400	8.684483
7221	404359.177046	47.418649	-9.542633	-1.369224	8.641739
7223	404361.255788	46.799395	-9.065921	-1.351408	8.929335
7225	404363.335528	47.851232	-8.926457	-1.358088	9.003832
7227	404365.416101	47.246792	-8.694158	-1.351877	9.073414
7229	404367.497779	45.287369	-8.894791	-1.351316	8.663246
7231	404369.580157	44.185333	-8.772884	-1.354625	9.246325
7233	404371.661385	45.545637	-8.512000	-1.356179	9.210970
7235	404373.741611	45.569434	-6.673960	-1.346994	9.277749
7237	404375.821249	46.341758	-8.458010	-1.364529	8.793255
7239	404377.899078	43.770315	-8.371861	-1.352277	9.324185
7241	404379.976965	41.216106	-6.982276	-1.328821	8.695512
