time (s)	coil I (A)	last det (V)	int current (uC)
2462.627401	0.793790	121.093750	250.781250
2462.629403	1.110729	121.093750	250.781250
2462.631402	1.211391	121.093750	250.781250
2462.633403	1.207509	13.282600	0.661445
2463.703907	0.667324	602.441406	-63.867187
2463.707911	1.205242	602.441406	-63.867187
2463.711918	1.204559	602.441406	-63.867187
2463.713919	1.202618	13.228798	0.781156
2464.709963	0.663689	112.011719	283.398437
2464.711964	0.995228	112.011719	283.398437
2464.715963	1.206686	112.011719	283.398437
2464.717965	1.203689	112.011719	283.398437
2464.719965	1.201841	13.220245	0.827512
2465.786032	0.373810	602.539062	-65.917969
2465.788035	0.717073	602.539062	-65.917969
2465.794033	1.207625	602.539062	-65.917969
2465.796033	1.205034	602.539062	-65.917969
2465.798035	1.203156	13.234717	0.589828
2466.790059	0.372447	108.593750	288.085937
2466.792062	0.715775	108.593750	288.085937
2466.794061	1.044280	108.593750	288.085937
2466.796062	1.210280	108.593750	288.085937
2466.800061	1.205157	13.256722	0.650128
2467.870094	0.499293	609.667969	-71.093750
2467.872096	0.837961	609.667969	-71.093750
2467.874097	1.140963	609.667969	-71.093750
2467.876098	1.208808	609.667969	-71.093750
2467.880095	1.202823	13.231049	0.604107
2468.874125	0.410135	106.347656	285.742187
2468.876127	0.751908	106.347656	285.742187
2468.878127	1.076631	106.347656	285.742187
2468.880128	1.210561	106.347656	285.742187
2468.882128	1.206930	13.276229	0.638651
2469.952167	0.763567	609.570312	-73.437500
2469.954167	1.086925	609.570312	-73.437500
2469.956167	1.215065	609.570312	-73.437500
2469.958167	1.211399	13.325387	0.626341
2470.960204	0.530313	106.347656	277.832031
2470.962207	0.867790	106.347656	277.832031
2470.964205	1.158484	106.347656	277.832031
2470.970205	1.202568	106.347656	277.832031
2470.972206	1.201120	13.212323	0.614587
2472.032240	0.558990	604.199219	-73.339844
2472.034243	0.895589	604.199219	-73.339844
2472.036242	1.172714	604.199219	-73.339844
2472.038244	1.208000	604.199219	-73.339844
2472.040242	1.204749	13.252239	0.636712
2473.042277	0.357245	105.859375	272.363281
2473.046276	1.030446	105.859375	272.363281
2473.048277	1.207795	105.859375	272.363281
2473.050276	1.206080	13.266880	0.614582
2474.112342	0.354775	606.640625	-76.855469
2474.114345	0.698826	606.640625	-76.855469
2474.116343	1.028309	606.640625	-76.855469
2474.118345	1.208834	606.640625	-76.855469
2474.120344	1.207224	13.279463	0.646980
2475.128413	0.708725	105.859375	267.187500
2475.130415	1.037576	105.859375	267.187500
2475.132415	1.208600	105.859375	267.187500
2475.134415	1.206383	13.270211	0.614322
2476.196971	0.921158	604.003906	-77.832031
2476.198974	1.183198	604.003906	-77.832031
2476.200972	1.207188	604.003906	-77.832031
2476.202972	1.203954	13.243491	0.643672
2477.211565	0.324384	99.316406	298.339844
2477.213566	0.669670	99.316406	298.339844
2477.215567	1.000727	99.316406	298.339844
2477.217568	1.204894	99.316406	298.339844
2477.219573	1.206647	99.316406	298.339844
2477.221576	1.203777	13.241550	0.610122
2478.273599	0.349287	605.371094	-79.980469
2478.275601	0.693548	605.371094	-79.980469
2478.277602	1.023279	605.371094	-79.980469
2478.279601	1.208472	605.371094	-79.980469
2478.281601	1.207474	13.282211	0.661826
2479.295651	0.544200	97.558594	302.441406
2479.297653	0.881185	97.558594	302.441406
2479.299653	1.165456	97.558594	302.441406
2479.301654	1.207977	97.558594	302.441406
2479.303654	1.204642	13.251060	0.606811
2480.353711	0.416387	599.707031	-78.906250
2480.355714	0.757796	599.707031	-78.906250
2480.357715	1.081472	599.707031	-78.906250
2480.361715	1.209442	599.707031	-78.906250
2480.363714	1.203241	13.235648	0.668727
2481.380652	0.481446	99.902344	291.503906
2481.382654	0.820548	99.902344	291.503906
2481.384653	1.129248	99.902344	291.503906
2481.388651	1.204709	99.902344	291.503906
2481.390652	1.202334	13.225678	0.600404
2482.438666	0.737645	602.734375	-81.152344
2482.440667	1.063959	602.734375	-81.152344
2482.442667	1.210141	602.734375	-81.152344
2482.444670	1.206750	13.274252	0.651396
2483.463212	0.481461	101.464844	283.789062
2483.465213	0.820512	101.464844	283.789062
2483.467213	1.129369	101.464844	283.789062
2483.469213	1.208802	101.464844	283.789062
2483.471214	1.205010	13.255110	0.605441
2484.519775	0.402276	605.664062	-83.593750
2484.521779	0.744121	605.664062	-83.593750
2484.523777	1.069667	605.664062	-83.593750
2484.525781	1.209966	605.664062	-83.593750
2484.529782	1.203918	13.243102	0.653786
2485.545808	0.308081	95.507812	314.355469
2485.549808	0.985923	95.507812	314.355469
2485.551810	1.201654	95.507812	314.355469
2485.557809	1.201160	95.507812	314.355469
2485.559811	1.199896	13.198861	0.606728
2486.603824	0.786901	603.027344	-82.714844
2486.605825	1.104938	603.027344	-82.714844
2486.607825	1.210029	603.027344	-82.714844
2486.609826	1.206284	13.269120	0.638951
2487.630367	0.523924	101.367187	285.449219
2487.632371	0.861475	101.367187	285.449219
2487.636369	1.207896	101.367187	285.449219
2487.638369	1.204451	101.367187	285.449219
2487.640370	1.202237	13.224606	0.587620
2488.686339	0.863047	604.589844	-85.156250
2488.688338	1.155754	604.589844	-85.156250
2488.690340	1.208080	604.589844	-85.156250
2488.692340	1.204587	13.250457	0.635004
2489.714365	0.892681	97.949219	302.929687
2489.716368	1.171001	97.949219	302.929687
2489.718367	1.207483	97.949219	302.929687
2489.720368	1.204239	13.246629	0.590172
2490.764853	0.350028	602.636719	-82.226562
2490.768853	1.023703	602.636719	-82.226562
2490.770857	1.207056	602.636719	-82.226562
2490.772855	1.205820	13.264017	0.644826
2491.794891	0.638484	95.800781	316.601562
2491.796893	0.971068	95.800781	316.601562
2491.798893	1.198846	95.800781	316.601562
2491.800895	1.206662	95.800781	316.601562
2491.802892	1.203638	13.240018	0.598142
2492.848874	0.645448	604.394531	-85.449219
2492.852874	1.200420	604.394531	-85.449219
2492.854882	1.206704	604.394531	-85.449219
2492.856886	1.203749	13.241240	0.767700
2493.874925	0.515259	93.554687	327.734375
2493.876929	0.852951	93.554687	327.734375
2493.880927	1.207868	93.554687	327.734375
2493.882928	1.204314	93.554687	327.734375
2493.884930	1.202111	13.223224	0.590807
2494.933019	0.652796	605.566406	-83.593750
2494.935020	0.984646	605.566406	-83.593750
2494.937020	1.202552	605.566406	-83.593750
2494.939020	1.207342	605.566406	-83.593750
2494.941020	1.204436	13.248799	0.635557
2495.955590	0.409226	94.042969	327.441406
2495.957591	0.750773	94.042969	327.441406
2495.959590	1.075281	94.042969	327.441406
2495.961591	1.082427	94.042969	327.441406
2495.963591	1.205238	13.257618	0.593172
2497.015586	0.522996	605.664062	-85.839844
2497.017587	0.860496	605.664062	-85.839844
2497.019589	1.154185	605.664062	-85.839844
2497.021589	1.207789	605.664062	-85.839844
2497.023587	1.204216	13.246372	0.634109
2498.039619	0.747729	86.132812	365.332031
2498.041620	1.072742	86.132812	365.332031
2498.043621	1.210120	86.132812	365.332031
2498.045622	1.206638	13.273021	0.582056
2499.099610	0.599126	606.542969	-84.667969
2499.101611	0.933802	606.542969	-84.667969
2499.103610	1.187876	606.542969	-84.667969
2499.105611	1.207201	606.542969	-84.667969
2499.107610	1.204019	13.244209	0.614405
2500.119628	0.704536	87.792969	363.769531
2500.121630	1.033498	87.792969	363.769531
2500.123630	1.208463	87.792969	363.769531
2500.125633	1.206594	13.272532	0.582137
2501.181634	0.507282	609.179687	-82.910156
2501.183636	0.845275	609.179687	-82.910156
2501.185635	1.145053	609.179687	-82.910156
2501.187637	1.207607	609.179687	-82.910156
2501.189637	1.203934	13.243279	0.617722
2502.199670	0.711554	86.523437	373.046875
2502.201672	1.040017	86.523437	373.046875
2502.203671	1.208462	86.523437	373.046875
2502.205672	1.206219	13.268413	0.586433
2503.263753	0.295613	609.667969	-82.910156
2503.265756	0.642046	609.667969	-82.910156
2503.267754	0.974481	609.667969	-82.910156
2503.269755	1.199014	609.667969	-82.910156
2503.271755	1.205801	609.667969	-82.910156
2503.273754	1.202709	13.229798	0.632613
2504.281770	0.677310	94.238281	343.554687
2504.283777	1.007796	94.238281	343.554687
2504.285776	1.207798	94.238281	343.554687
2504.287774	1.208550	94.238281	343.554687
2504.289774	1.205924	13.265160	0.800008
2505.346735	0.371468	612.988281	-80.175781
2505.348737	0.714474	612.988281	-80.175781
2505.350736	1.042765	612.988281	-80.175781
2505.352738	1.208284	612.988281	-80.175781
2505.354739	1.205789	13.263680	0.627548
2506.361236	0.319316	86.621094	384.375000
2506.363236	0.664664	86.621094	384.375000
2506.365235	0.995773	86.621094	384.375000
2506.367236	1.204260	86.621094	384.375000
2506.369237	1.206923	86.621094	384.375000
2506.371237	1.204018	13.244201	0.575081
2507.429271	0.367251	613.867187	-80.078125
2507.431272	0.710407	613.867187	-80.078125
2507.433271	1.038969	613.867187	-80.078125
2507.435272	1.207867	613.867187	-80.078125
2507.437273	1.205490	13.260391	0.605379
2508.443301	0.414781	95.898437	352.343750
2508.445303	0.756044	95.898437	352.343750
2508.447303	1.079689	95.898437	352.343750
2508.449303	1.208398	95.898437	352.343750
2508.451303	1.204618	13.250793	0.570207
2509.514254	0.521009	616.210937	-77.636719
2509.516256	0.858549	616.210937	-77.636719
2509.518257	1.152778	616.210937	-77.636719
2509.520256	1.207423	616.210937	-77.636719
2509.522255	1.203812	13.241932	0.575859
2510.527192	0.897706	84.863281	402.734375
2510.529193	1.172978	84.863281	402.734375
2510.531194	1.206861	84.863281	402.734375
2510.533197	1.203573	13.239299	0.570071
2511.595200	0.419520	616.601562	-76.855469
2511.597202	0.760598	616.601562	-76.855469
2511.599202	1.083654	616.601562	-76.855469
2511.601201	1.209269	616.601562	-76.855469
2511.603202	1.205540	13.260941	0.571441
2512.607215	0.558241	94.726562	370.410156
2512.609216	0.894523	94.726562	370.410156
2512.611216	1.171508	94.726562	370.410156
2512.613217	1.206818	94.726562	370.410156
2512.615218	1.203489	13.238377	0.576558
2513.677767	0.681505	617.578125	-74.121094
2513.679781	1.011696	617.578125	-74.121094
2513.681783	1.206616	617.578125	-74.121094
2513.683783	1.206541	617.578125	-74.121094
2513.685782	1.203704	13.240744	0.805771
2514.689822	0.565745	88.281250	399.804687
2514.691824	0.901775	88.281250	399.804687
2514.693829	1.174738	88.281250	399.804687
2514.695828	1.206625	88.281250	399.804687
2514.697828	1.206471	13.271176	0.574964
2515.761871	0.980562	615.234375	-75.097656
2515.763875	1.200430	615.234375	-75.097656
2515.765873	1.205811	615.234375	-75.097656
2515.767873	1.202857	13.231430	0.688366
2516.771928	0.489018	92.675781	387.792969
2516.773931	0.827543	92.675781	387.792969
2516.779927	1.203800	92.675781	387.792969
2516.781929	1.201512	92.675781	387.792969
2516.783930	1.200151	13.201660	0.577628
2517.839982	0.537000	614.257812	-74.511719
2517.841983	0.874025	614.257812	-74.511719
2517.843983	1.161428	614.257812	-74.511719
2517.845983	1.207437	614.257812	-74.511719
2517.849981	1.201846	13.220307	0.535057
2518.856019	0.792117	92.675781	390.039062
2518.858019	1.108653	92.675781	390.039062
2518.860020	1.209087	92.675781	390.039062
2518.862020	1.205297	13.258265	0.580974
2519.920050	0.416469	614.453125	-73.730469
2519.922051	0.757601	614.453125	-73.730469
2519.924051	1.080979	614.453125	-73.730469
2519.926051	1.209074	614.453125	-73.730469
2519.928051	1.205377	13.259142	0.532920
2520.938053	0.660695	99.023437	368.750000
2520.940056	0.991916	99.023437	368.750000
2520.942055	1.202939	99.023437	368.750000
2520.944056	1.206169	99.023437	368.750000
2520.946056	1.206068	13.266746	0.749380
2522.004083	0.965051	615.429687	-72.949219
2522.006085	1.196912	615.429687	-72.949219
2522.008085	1.206095	615.429687	-72.949219
2522.010085	1.203012	13.233131	0.622787
2523.018649	0.321408	99.511719	367.871094
2523.020652	0.666554	99.511719	367.871094
2523.022650	0.997569	99.511719	367.871094
2523.024650	1.203518	99.511719	367.871094
2523.026650	1.204333	99.511719	367.871094
2523.028649	1.202684	13.229525	0.587730
2524.084637	0.676108	616.113281	-72.949219
2524.086646	0.731575	616.113281	-72.949219
2524.088647	1.206790	616.113281	-72.949219
2524.090649	1.207554	616.113281	-72.949219
2524.092648	1.204805	13.252850	0.751674
2525.101563	0.474742	91.210937	398.632812
2525.103565	0.813746	91.210937	398.632812
2525.107565	1.207757	91.210937	398.632812
2525.109566	1.203839	91.210937	398.632812
2525.111565	1.201533	13.216860	0.553405
2526.163562	0.314160	612.011719	-74.511719
2526.165562	0.659733	612.011719	-74.511719
2526.167566	0.991128	612.011719	-74.511719
2526.169564	1.010022	612.011719	-74.511719
2526.171564	1.205648	612.011719	-74.511719
2526.175563	1.200840	13.209239	0.528174
2527.181619	0.349695	98.144531	371.679687
2527.183621	0.693491	98.144531	371.679687
2527.185618	1.022991	98.144531	371.679687
2527.187619	1.206521	98.144531	371.679687
2527.189618	1.205399	13.259391	0.582462
2528.247641	0.621042	614.160156	-74.121094
2528.249644	0.954436	614.160156	-74.121094
2528.251643	1.193798	614.160156	-74.121094
2528.253644	1.205877	614.160156	-74.121094
2528.255645	1.202800	13.230801	0.579067
2529.263664	0.527744	95.117187	381.738281
2529.265665	0.864923	95.117187	381.738281
2529.267667	1.156486	95.117187	381.738281
2529.269666	1.207458	95.117187	381.738281
2529.271670	1.203850	13.242348	0.545100
2530.330577	0.685045	614.746094	-74.804687
2530.332585	1.014977	614.746094	-74.804687
2530.334588	1.206147	614.746094	-74.804687
2530.336589	1.205622	13.261846	0.517922
2531.343177	0.354041	85.156250	415.820312
2531.345179	0.697661	85.156250	415.820312
2531.347178	1.026892	85.156250	415.820312
2531.349177	1.034987	85.156250	415.820312
2531.353175	1.202706	13.229763	0.553002
2532.411210	0.399345	612.109375	-76.367187
2532.413217	0.741043	612.109375	-76.367187
2532.415221	1.068268	612.109375	-76.367187
2532.417220	1.209048	612.109375	-76.367187
2532.419222	1.205599	13.261588	0.514582
2533.425226	0.574350	91.992187	388.476562
2533.427228	0.910031	91.992187	388.476562
2533.429228	1.178379	91.992187	388.476562
2533.431228	1.206760	91.992187	388.476562
2533.433228	1.203489	13.238377	0.553760
2534.493751	0.659245	615.234375	-77.734375
2534.495753	0.990510	615.234375	-77.734375
2534.497751	1.202211	615.234375	-77.734375
2534.499751	1.205543	615.234375	-77.734375
2534.501750	1.202599	13.228594	0.524644
2535.506313	0.540733	91.406250	386.718750
2535.508314	0.877530	91.406250	386.718750
2535.510314	1.163004	91.406250	386.718750
2535.512315	1.206992	91.406250	386.718750
2535.514315	1.203505	13.238556	0.521632
2536.574390	0.328141	615.332031	-78.320312
2536.576391	0.672964	615.332031	-78.320312
2536.578392	1.003430	615.332031	-78.320312
2536.580393	1.204187	615.332031	-78.320312
2536.582392	1.205299	615.332031	-78.320312
2536.584391	1.202432	13.226749	0.520961
2537.590382	0.839954	80.175781	426.074219
2537.592384	1.141408	80.175781	426.074219
2537.594384	1.207067	80.175781	426.074219
2537.596386	1.203292	13.236215	0.504849
2538.658368	0.661180	611.621094	-80.859375
2538.660368	0.992390	611.621094	-80.859375
2538.662368	1.202559	611.621094	-80.859375
2538.664369	1.205570	611.621094	-80.859375
2538.666370	1.202645	13.229091	0.518797
2539.670930	0.846713	85.937500	399.023437
2539.672934	1.145687	85.937500	399.023437
2539.674933	1.207320	85.937500	399.023437
2539.676935	1.203656	13.240221	0.503209
2540.739519	0.854276	610.546875	-82.617187
2540.741520	1.150164	610.546875	-82.617187
2540.745520	1.203417	610.546875	-82.617187
2540.747524	1.201302	13.214325	0.519322
2541.749556	0.528425	89.453125	380.468750
2541.751558	0.865539	89.453125	380.468750
2541.753558	1.156482	89.453125	380.468750
2541.755560	1.206672	89.453125	380.468750
2541.757558	1.203072	13.233795	0.503614
2542.817560	0.435574	605.371094	-85.156250
2542.819562	0.775925	605.371094	-85.156250
2542.821562	1.096048	605.371094	-85.156250
2542.823561	1.208930	605.371094	-85.156250
2542.825563	1.205143	13.256572	0.541311
2543.832109	0.303739	75.390625	430.273437
2543.834113	0.649591	75.390625	430.273437
2543.836112	0.981404	75.390625	430.273437
2543.838112	1.200381	75.390625	430.273437
2543.840113	1.205562	75.390625	430.273437
2543.842112	1.202526	13.227787	0.510395
2544.898142	0.533869	590.527344	-87.207031
2544.900145	0.870855	590.527344	-87.207031
2544.902144	1.159518	590.527344	-87.207031
2544.904144	1.207097	590.527344	-87.207031
2544.906145	1.203593	13.239521	0.538334
2545.916106	0.465433	73.828125	436.425781
2545.918104	0.804744	73.828125	436.425781
2545.920104	1.117921	73.828125	436.425781
2545.922105	1.208461	73.828125	436.425781
2545.924105	1.204602	13.250626	0.486322
2546.980151	0.508849	583.789062	-88.671875
2546.982154	0.907679	583.789062	-88.671875
2546.984151	1.176969	583.789062	-88.671875
2546.986153	1.206213	583.789062	-88.671875
2546.988153	1.202917	13.232085	0.520181
2547.998152	0.421512	73.828125	434.277344
2548.000154	0.762287	73.828125	434.277344
2548.002155	1.084792	73.828125	434.277344
2548.004152	1.208533	73.828125	434.277344
2548.006154	1.204766	13.252425	0.484465
2549.060198	0.619717	586.425781	-89.453125
2549.062199	0.953084	586.425781	-89.453125
2549.064199	1.193263	586.425781	-89.453125
2549.066199	1.205723	586.425781	-89.453125
2549.068200	1.202644	13.229081	0.569593
2550.080280	0.388576	82.226562	397.460937
2550.084281	1.057213	82.226562	397.460937
2550.086282	1.207320	82.226562	397.460937
2550.092280	1.199842	13.198257	0.482926
2551.140276	0.460152	583.984375	-90.429687
2551.142278	0.799585	583.984375	-90.429687
2551.144278	1.114067	583.984375	-90.429687
2551.146278	1.119531	583.984375	-90.429687
2551.148279	1.204538	13.249916	0.505727
2552.162279	0.556510	73.828125	431.152344
2552.164279	0.892747	73.828125	431.152344
2552.166279	1.170430	73.828125	431.152344
2552.168280	1.206535	73.828125	431.152344
2552.170279	1.203193	13.235125	0.461486
2553.220320	0.334048	576.074219	-90.917969
2553.222320	0.678459	576.074219	-90.917969
2553.224344	1.008758	576.074219	-90.917969
2553.226347	1.206488	576.074219	-90.917969
2553.228347	1.206498	576.074219	-90.917969
2553.230346	1.203602	13.239627	0.509538
2554.246398	0.777543	72.949219	433.398437
2554.248398	1.097254	72.949219	433.398437
2554.250399	1.208826	72.949219	433.398437
2554.252399	1.204961	13.254569	0.454818
2555.304443	0.946348	570.410156	-91.406250
2555.308446	1.193142	570.410156	-91.406250
2555.310445	1.202952	570.410156	-91.406250
2555.312447	1.201070	13.211773	0.541570
2556.328520	0.704622	71.972656	436.718750
2556.330521	1.033381	71.972656	436.718750
2556.332522	1.207477	71.972656	436.718750
2556.334523	1.205429	13.259719	0.448550
2557.382550	0.496917	591.992187	-90.820312
2557.384552	0.835026	591.992187	-90.820312
2557.386552	1.138204	591.992187	-90.820312
2557.388551	1.207133	591.992187	-90.820312
2557.390552	1.203406	13.237465	0.519613
2558.407473	0.301120	76.074219	420.214844
2558.409475	0.647040	76.074219	420.214844
2558.411475	0.978868	76.074219	420.214844
2558.415474	1.205740	76.074219	420.214844
2558.417476	1.202702	76.074219	420.214844
2558.419476	1.200972	13.210691	0.449591
2559.465535	0.657513	590.429687	-91.699219
2559.467535	0.988831	590.429687	-91.699219
2559.469535	1.201878	590.429687	-91.699219
2559.471537	1.205551	590.429687	-91.699219
2559.473536	1.202575	13.228327	0.670280
2560.489586	0.359419	76.269531	420.410156
2560.491586	0.702603	76.269531	420.410156
2560.493585	1.031461	76.269531	420.410156
2560.495586	1.206316	76.269531	420.410156
2560.497587	1.204240	13.246637	0.438537
2561.545639	0.413516	586.035156	-91.308594
2561.547641	0.754566	586.035156	-91.308594
2561.549640	1.078296	586.035156	-91.308594
2561.551640	1.208843	586.035156	-91.308594
2561.553640	1.205236	13.257591	0.504831
2562.572530	0.732419	78.906250	409.765625
2562.574531	1.058893	78.906250	409.765625
2562.576532	1.208080	78.906250	409.765625
2562.578532	1.204785	13.252638	0.451809
2563.626600	0.312689	575.585937	-91.503906
2563.628600	0.658081	575.585937	-91.503906
2563.630600	0.989389	575.585937	-91.503906
2563.632602	1.202347	575.585937	-91.503906
2563.634601	1.206008	575.585937	-91.503906
2563.636600	1.203046	13.233503	0.490096
2564.652634	0.620648	71.679687	437.988281
2564.654638	0.953893	71.679687	437.988281
2564.656637	1.193446	71.679687	437.988281
2564.658637	1.205607	71.679687	437.988281
2564.660636	1.202480	13.227283	0.492192
2565.708683	0.319285	591.503906	-90.332031
2565.710687	0.664260	591.503906	-90.332031
2565.712687	0.995246	591.503906	-90.332031
2565.714685	1.202715	591.503906	-90.332031
2565.716685	1.205058	591.503906	-90.332031
2565.718685	1.202185	13.224038	0.501957
2566.730682	0.326531	72.656250	437.597656
2566.732684	0.671291	72.656250	437.597656
2566.734685	1.001850	72.656250	437.597656
2566.736685	1.204119	72.656250	437.597656
2566.738683	1.205464	72.656250	437.597656
2566.740685	1.202580	13.228381	0.439637
2567.790681	0.487927	567.187500	-90.527344
2567.792681	0.826358	567.187500	-90.527344
2567.794682	1.132611	567.187500	-90.527344
2567.796681	1.207304	567.187500	-90.527344
2567.798681	1.207160	13.278755	0.497737
2568.812729	0.592011	71.093750	445.117187
2568.814731	0.926734	71.093750	445.117187
2568.816732	1.184460	71.093750	445.117187
2568.818731	1.205728	71.093750	445.117187
2568.820733	1.202458	13.227035	0.423777
2569.872775	0.364573	571.679687	-89.941406
2569.874776	0.707515	571.679687	-89.941406
2569.876776	1.036023	571.679687	-89.941406
2569.878775	1.208269	571.679687	-89.941406
2569.880776	1.206131	13.267447	0.494084
2570.892825	0.435221	69.921875	450.488281
2570.894834	0.775423	69.921875	450.488281
2570.896833	1.096041	69.921875	450.488281
2570.898831	1.208626	69.921875	450.488281
2570.900832	1.204800	13.252796	0.426019
2571.956877	0.585251	573.828125	-88.964844
2571.958878	0.920408	573.828125	-88.964844
2571.960877	1.181949	573.828125	-88.964844
2571.962876	1.205709	573.828125	-88.964844
2571.964878	1.202458	13.227035	0.455685
2572.972896	1.484144	72.363281	442.675781
2572.974897	0.829768	72.363281	442.675781
2572.976898	1.134813	72.363281	442.675781
2572.978898	1.207179	72.363281	442.675781
2572.980898	1.203335	13.236686	0.422088
2574.038937	0.500702	585.449219	-87.792969
2574.040939	0.838604	585.449219	-87.792969
2574.042940	1.140355	585.449219	-87.792969
2574.044940	1.206591	585.449219	-87.792969
2574.046939	1.202814	13.230951	0.450319
2575.057000	1.006011	76.464844	432.910156
2575.059004	1.204701	76.464844	432.910156
2575.061006	1.205476	76.464844	432.910156
2575.063005	1.202591	13.228497	0.428913
2576.119516	0.333033	585.449219	-85.839844
2576.121518	0.677522	585.449219	-85.839844
2576.123530	1.007648	585.449219	-85.839844
2576.125527	1.207358	585.449219	-85.839844
2576.127525	1.207992	585.449219	-85.839844
2576.129527	1.205242	13.257663	0.455394
2577.137566	0.929619	79.101562	428.222656
2577.139569	1.185538	79.101562	428.222656
2577.141570	1.205832	79.101562	428.222656
2577.143569	1.202686	13.229542	0.412892
2578.202086	0.599826	599.707031	-83.789062
2578.204088	0.934126	599.707031	-83.789062
2578.206089	1.186988	599.707031	-83.789062
2578.208088	1.205579	599.707031	-83.789062
2578.210087	1.202403	13.226431	0.447298
2579.218131	0.814696	69.140625	463.769531
2579.220134	1.124683	69.140625	463.769531
2579.222133	1.207462	69.140625	463.769531
2579.224133	1.203609	13.239697	0.415409
2580.282185	0.399097	586.132812	-83.007812
2580.284185	0.740688	586.132812	-83.007812
2580.286192	1.067213	586.132812	-83.007812
2580.288191	1.209307	586.132812	-83.007812
2580.290191	1.205868	13.264548	0.441030
2581.298280	0.710511	79.687500	431.738281
2581.300281	1.038822	79.687500	431.738281
2581.302281	1.207611	79.687500	431.738281
2581.306282	1.202563	13.228195	0.430490
2582.362851	0.336833	589.648437	-81.640625
2582.364853	0.681088	589.648437	-81.640625
2582.366868	1.011096	589.648437	-81.640625
2582.368870	1.205321	589.648437	-81.640625
2582.370870	1.204981	589.648437	-81.640625
2582.372870	1.202180	13.223976	0.437158
2583.380904	0.677319	70.019531	460.644531
2583.382911	1.007560	70.019531	460.644531
2583.384910	1.206061	70.019531	460.644531
2583.386909	1.206841	70.019531	460.644531
2583.388908	1.204050	13.244545	0.420139
2584.444936	0.561811	587.011719	-81.250000
2584.446938	0.897748	587.011719	-81.250000
2584.448937	0.912314	587.011719	-81.250000
2584.450938	1.205721	587.011719	-81.250000
2584.452937	1.202413	13.226546	0.421110
2585.460960	0.556002	84.472656	414.941406
2585.462958	0.892030	84.472656	414.941406
2585.464960	1.169761	84.472656	414.941406
2585.466961	1.205975	84.472656	414.941406
2585.468960	1.202599	13.228584	0.434173
2586.525034	0.535253	593.359375	-80.468750
2586.527035	0.872102	593.359375	-80.468750
2586.529036	1.159754	593.359375	-80.468750
2586.531034	1.206188	593.359375	-80.468750
2586.533040	1.202635	13.228984	0.421763
2587.543051	0.520321	71.679687	455.078125
2587.545053	0.857638	71.679687	455.078125
2587.547053	1.152121	71.679687	455.078125
2587.549056	1.207168	71.679687	455.078125
2587.555053	1.200078	13.200863	0.428560
2588.605052	0.316645	577.929687	-80.566406
2588.607053	0.661782	577.929687	-80.566406
2588.609054	0.992759	577.929687	-80.566406
2588.611054	1.202337	577.929687	-80.566406
2588.613052	1.205335	577.929687	-80.566406
2588.615053	1.202398	13.226378	0.434031
2589.625064	0.557297	71.777344	453.320312
2589.627065	0.893332	71.777344	453.320312
2589.629065	1.170344	71.777344	453.320312
2589.631065	1.206116	71.777344	453.320312
2589.633066	1.202707	13.229781	0.405434
2590.687080	0.622016	583.593750	-80.468750
2590.689082	0.955207	583.593750	-80.468750
2590.691082	1.193354	583.593750	-80.468750
2590.693081	1.204980	583.593750	-80.468750
2590.695081	1.201930	13.221230	0.488208
2591.705116	0.391485	73.828125	448.632812
2591.707119	0.733231	73.828125	448.632812
2591.709119	1.059541	73.828125	448.632812
2591.711119	1.207394	73.828125	448.632812
2591.713118	1.204033	13.244359	0.413418
2592.767143	0.371314	579.003906	-80.664062
2592.769145	0.713959	579.003906	-80.664062
2592.771146	1.041965	579.003906	-80.664062
2592.773146	1.206799	579.003906	-80.664062
2592.775146	1.204121	13.245335	0.411354
2593.785163	0.354269	74.707031	445.605469
2593.787164	0.697584	74.707031	445.605469
2593.791164	1.032777	74.707031	445.605469
2593.793167	1.204941	74.707031	445.605469
2593.795167	1.202201	13.224207	0.418431
2594.849211	0.321811	597.851562	-81.054687
2594.851216	0.970874	597.851562	-81.054687
2594.853214	1.197399	597.851562	-81.054687
2594.857215	1.201779	597.851562	-81.054687
2594.859215	1.200083	13.200908	0.417287
2595.867757	0.406632	73.339844	448.046875
2595.869762	0.747785	73.339844	448.046875
2595.871760	1.072348	73.339844	448.046875
2595.873762	1.208028	73.339844	448.046875
2595.875760	1.204406	13.248471	0.399323
2596.929757	0.333571	579.882812	-82.128906
2596.931757	0.677884	579.882812	-82.128906
2596.933764	1.008011	579.882812	-82.128906
2596.935763	1.206397	579.882812	-82.128906
2596.937761	1.207037	579.882812	-82.128906
2596.939762	1.204265	13.246912	0.410915
2597.947799	0.409293	79.199219	430.957031
2597.949799	0.750276	79.199219	430.957031
2597.951800	1.074454	79.199219	430.957031
2597.953800	1.207976	79.199219	430.957031
2597.955800	1.204276	13.247036	0.420492
2599.012349	0.428530	573.046875	-82.714844
2599.014352	0.768922	573.046875	-82.714844
2599.016351	1.090270	573.046875	-82.714844
2599.018352	1.208767	573.046875	-82.714844
2599.020351	1.204962	13.254587	0.403540
2600.030410	0.768973	70.410156	455.468750
2600.034411	1.208956	70.410156	455.468750
2600.036412	1.205150	70.410156	455.468750
2600.038413	1.202610	13.228709	0.398250
2601.094443	0.566491	577.246094	-83.300781
2601.096445	0.902236	577.246094	-83.300781
2601.098447	1.174495	577.246094	-83.300781
2601.100445	1.205950	577.246094	-83.300781
2601.102446	1.202646	13.229108	0.401459
2602.110494	0.697496	78.613281	430.468750
2602.112495	1.026489	78.613281	430.468750
2602.114495	1.206093	78.613281	430.468750
2602.116495	1.204404	13.248446	0.396897
2603.175032	0.492586	588.964844	-84.472656
2603.177035	0.830702	588.964844	-84.472656
2603.179034	1.135221	588.964844	-84.472656
2603.181034	1.206588	588.964844	-84.472656
2603.183034	1.202765	13.230419	0.423884
2604.189584	0.366380	72.656250	447.558594
2604.191586	0.709142	72.656250	447.558594
2604.193588	1.037462	72.656250	447.558594
2604.195587	1.208290	72.656250	447.558594
2604.199586	1.203346	13.236809	0.392767
2605.255573	0.364344	566.992187	-86.328125
2605.257576	0.707209	566.992187	-86.328125
2605.259575	1.035684	566.992187	-86.328125
2605.263574	1.205309	566.992187	-86.328125
2605.265575	1.202591	13.228497	0.416527
2606.271607	0.624800	72.167969	447.460937
2606.273608	0.957735	72.167969	447.460937
2606.277606	1.204822	72.167969	447.460937
2606.279609	1.201833	72.167969	447.460937
2606.281609	1.200065	13.200712	0.477960
2607.337644	0.590130	564.160156	-87.890625
2607.339646	0.924941	564.160156	-87.890625
2607.341647	1.183737	564.160156	-87.890625
2607.343646	1.205686	564.160156	-87.890625
2607.345646	1.202497	13.227468	0.405228
2608.351621	0.452083	72.656250	446.289062
2608.353624	0.464959	72.656250	446.289062
2608.355622	1.107988	72.656250	446.289062
2608.357623	1.208466	72.656250	446.289062
2608.359625	1.204548	13.250023	0.383294
2609.417665	0.419190	564.648437	-89.648437
2609.419665	0.759870	564.648437	-89.648437
2609.421667	1.082725	564.648437	-89.648437
2609.423665	1.208469	564.648437	-89.648437
2609.425665	1.204741	13.252150	0.407305
2610.435687	0.666575	74.414062	439.062500
2610.437688	0.997276	74.414062	439.062500
2610.441688	1.204525	74.414062	439.062500
2610.443691	1.201670	74.414062	439.062500
2610.449687	1.197533	13.172859	0.374654
2611.498212	0.468899	554.003906	-90.722656
2611.500214	0.807839	554.003906	-90.722656
2611.502214	1.119849	554.003906	-90.722656
2611.504215	1.207838	554.003906	-90.722656
2611.506214	1.203973	13.243704	0.406158
2612.518215	0.744881	62.500000	474.511719
2612.520215	1.069734	62.500000	474.511719
2612.522216	1.207442	62.500000	474.511719
2612.524216	1.203926	13.243181	0.362289
2613.580256	0.641150	550.878906	-91.894531
2613.582258	0.973132	550.878906	-91.894531
2613.584256	1.197815	550.878906	-91.894531
2613.586257	1.204593	550.878906	-91.894531
2613.588258	1.201661	13.218269	0.539208
2614.600304	0.839134	73.339844	438.085937
2614.604305	1.206830	73.339844	438.085937
2614.606305	1.203022	73.339844	438.085937
2614.608305	1.200920	13.210125	0.355831
2615.659247	0.515475	549.609375	-92.578125
2615.661248	0.852824	549.609375	-92.578125
2615.663248	1.148858	549.609375	-92.578125
2615.665248	1.206295	549.609375	-92.578125
2615.667247	1.202643	13.229073	0.404332
2616.679327	0.458432	73.144531	435.839844
2616.681329	0.797657	73.144531	435.839844
2616.683328	1.112422	73.144531	435.839844
2616.685327	1.207650	73.144531	435.839844
2616.687328	1.203698	13.240683	0.378388
2617.738282	0.347860	528.613281	-93.945312
2617.740283	0.691343	528.613281	-93.945312
2617.742284	1.020700	528.613281	-93.945312
2617.744282	1.205393	528.613281	-93.945312
2617.746284	1.204332	13.247648	0.426440
2618.764264	0.901486	60.546875	478.222656
2618.766265	1.174027	60.546875	478.222656
2618.768265	1.205783	60.546875	478.222656
2618.770266	1.202512	13.227629	0.350869
2619.822270	0.893459	522.558594	-93.652344
2619.824271	1.170360	522.558594	-93.652344
2619.828270	1.202508	522.558594	-93.652344
2619.830273	1.200543	13.205977	0.397160
2620.842291	0.395763	63.671875	469.042969
2620.844293	0.737209	63.671875	469.042969
2620.846293	1.063007	63.671875	469.042969
2620.848294	1.208183	63.671875	469.042969
2620.850293	1.204842	13.253267	0.360235
2621.902343	0.737200	560.937500	-94.238281
2621.904345	1.062993	560.937500	-94.238281
2621.906351	1.208170	560.937500	-94.238281
2621.908352	1.204773	13.252503	0.399253
2622.925267	0.596928	68.457031	451.367187
2622.927267	0.931217	68.457031	451.367187
2622.929267	1.185724	68.457031	451.367187
2622.931267	1.205269	68.457031	451.367187
2622.933267	1.202125	13.223374	0.343626
2623.981865	0.482920	526.562500	-94.628906
2623.983868	0.821340	526.562500	-94.628906
2623.985867	1.129128	526.562500	-94.628906
2623.987867	1.207126	526.562500	-94.628906
2623.989867	1.203201	13.235214	0.393572
2625.005907	0.575516	62.500000	471.093750
2625.009908	1.178240	62.500000	471.093750
2625.013908	1.202684	62.500000	471.093750
2625.015909	1.200775	13.208529	0.347493
2626.063932	0.703679	552.636719	-95.019531
2626.065934	1.032375	552.636719	-95.019531
2626.067934	1.207593	552.636719	-95.019531
2626.069935	1.205688	13.262563	0.402181
2627.086450	0.538193	66.113281	457.519531
2627.088451	0.874767	66.113281	457.519531
2627.090451	1.161148	66.113281	457.519531
2627.092452	1.206170	66.113281	457.519531
2627.094451	1.202661	13.229267	0.343878
2628.144452	0.486948	521.191406	-94.433594
2628.146453	0.825210	521.191406	-94.433594
2628.148452	1.131602	521.191406	-94.433594
2628.150452	1.206493	521.191406	-94.433594
2628.152453	1.202595	13.228549	0.389329
2629.168419	0.654967	62.500000	469.824219
2629.170422	0.986232	62.500000	469.824219
2629.172422	0.995700	62.500000	469.824219
2629.174423	1.204483	62.500000	469.824219
2629.176425	1.201554	13.217091	0.545471
2630.226518	0.621256	513.085937	-94.335937
2630.228519	0.954305	513.085937	-94.335937
2630.230521	1.193226	513.085937	-94.335937
2630.232520	1.205272	513.085937	-94.335937
2630.234521	1.202196	13.224154	0.397283
2631.250554	0.883971	59.082031	481.933594
2631.252556	1.165728	59.082031	481.933594
2631.254556	1.205812	59.082031	481.933594
2631.256555	1.202446	13.226900	0.331760
2632.306566	0.452802	522.265625	-93.457031
2632.308566	0.792222	522.265625	-93.457031
2632.312566	1.208664	522.265625	-93.457031
2632.314567	1.204840	522.265625	-93.457031
2632.316567	1.202392	13.226315	0.404666
2633.330556	0.882435	58.984375	481.250000
2633.332556	0.893182	58.984375	481.250000
2633.334557	1.207589	58.984375	481.250000
2633.336557	1.204287	13.247160	0.338805
2634.388615	0.408054	526.953125	-93.457031
2634.390618	0.749186	526.953125	-93.457031
2634.394616	1.208339	526.953125	-93.457031
2634.396616	1.204623	526.953125	-93.457031
2634.398616	1.202088	13.222967	0.383737
2635.408640	0.515778	71.777344	442.089844
2635.410642	0.853008	71.777344	442.089844
2635.412641	1.148800	71.777344	442.089844
2635.414641	1.205924	71.777344	442.089844
2635.416641	1.202367	13.226042	0.341215
2636.472654	0.747181	549.511719	-92.968750
2636.474655	1.071661	549.511719	-92.968750
2636.476656	1.207333	549.511719	-92.968750
2636.478656	1.203574	13.239317	0.379963
2637.489182	0.609946	60.644531	475.976562
2637.491187	0.943612	60.644531	475.976562
2637.493189	1.189917	60.644531	475.976562
2637.495188	1.204755	60.644531	475.976562
2637.497189	1.201682	13.218499	0.352726
2638.553213	0.538819	539.550781	-92.187500
2638.555214	0.875340	539.550781	-92.187500
2638.557214	1.161433	539.550781	-92.187500
2638.559214	1.206082	539.550781	-92.187500
2638.561214	1.202582	13.228399	0.370060
2639.571275	0.703972	59.082031	481.250000
2639.573276	1.032621	59.082031	481.250000
2639.575276	1.206322	59.082031	481.250000
2639.577276	1.204267	13.246939	0.337565
2640.633346	0.385426	545.312500	-90.722656
2640.637345	1.054091	545.312500	-90.722656
2640.639347	1.206473	545.312500	-90.722656
2640.641347	1.203151	13.234665	0.377847
2641.651394	0.592856	71.875000	445.117187
2641.653397	0.927354	71.875000	445.117187
2641.655397	1.184313	71.875000	445.117187
2641.657397	1.205152	71.875000	445.117187
2641.659395	1.202014	13.222151	0.321374
2642.715405	0.520693	555.175781	-89.843750
2642.717408	0.857764	555.175781	-89.843750
2642.719407	1.151658	555.175781	-89.843750
2642.721406	1.205903	555.175781	-89.843750
2642.723409	1.202301	13.225306	0.371589
2643.731445	0.601978	60.937500	475.683594
2643.733446	0.936043	60.937500	475.683594
2643.735446	1.187537	60.937500	475.683594
2643.737446	1.205523	60.937500	475.683594
2643.739446	1.202317	13.225492	0.350791
2644.797486	0.697919	554.980469	-88.183594
2644.799490	1.026850	554.980469	-88.183594
2644.803489	1.204924	554.980469	-88.183594
2644.807489	1.200533	13.205862	0.376195
2645.813532	0.740006	71.484375	447.753906
2645.815532	1.065434	71.484375	447.753906
2645.817532	1.207328	71.484375	447.753906
2645.819534	1.203785	13.241631	0.343731
2646.878067	0.712056	558.300781	-86.914062
2646.880069	1.040117	558.300781	-86.914062
2646.882068	1.207018	558.300781	-86.914062
2646.884069	1.204395	13.248348	0.371813
2647.894084	0.616753	64.453125	467.187500
2647.896084	0.950042	64.453125	467.187500
2647.898086	1.191979	64.453125	467.187500
2647.900084	1.205195	64.453125	467.187500
2647.902085	1.202105	13.223153	0.400941
2648.958072	0.494992	545.507812	-85.839844
2648.960074	0.832966	545.507812	-85.839844
2648.962076	1.136748	545.507812	-85.839844
2648.964073	1.206750	545.507812	-85.839844
2648.966075	1.202926	13.232183	0.357148
2649.974120	0.358478	64.257812	466.894531
2649.976122	0.701478	64.257812	466.894531
2649.978122	1.030203	64.257812	466.894531
2649.980123	1.206086	64.257812	466.894531
2649.982122	1.204137	13.245502	0.356074
2651.038144	0.419380	561.816406	-85.644531
2651.040145	0.759943	561.816406	-85.644531
2651.042146	1.082479	561.816406	-85.644531
2651.046143	1.203797	561.816406	-85.644531
2651.048145	1.201399	13.215388	0.358379
2652.056157	0.357596	65.820312	461.816406
2652.058158	0.700632	65.820312	461.816406
2652.060158	1.029396	65.820312	461.816406
2652.062157	1.206289	65.820312	461.816406
2652.064157	1.204419	13.248606	0.334109
2653.118157	0.284678	554.101562	-84.667969
2653.120158	0.631038	554.101562	-84.667969
2653.122158	0.963507	554.101562	-84.667969
2653.124158	1.195134	554.101562	-84.667969
2653.126159	1.204232	554.101562	-84.667969
2653.128158	1.201311	13.214423	0.363285
2654.140141	0.860514	63.183594	467.480469
2654.144140	1.206719	63.183594	467.480469
2654.146147	1.203221	63.183594	467.480469
2654.148147	1.201128	13.212411	0.322462
2655.200197	0.594098	529.199219	-84.667969
2655.202200	0.928529	529.199219	-84.667969
2655.204199	1.184607	529.199219	-84.667969
2655.208197	1.201872	529.199219	-84.667969
2655.210200	1.200047	13.200519	0.347722
2656.220205	0.742801	76.660156	433.203125
2656.222209	1.067859	76.660156	433.203125
2656.224207	1.207520	76.660156	433.203125
2656.226209	1.203980	13.243784	0.866943
2657.280253	0.472149	565.917969	-84.570312
2657.282254	0.810768	565.917969	-84.570312
2657.284252	0.823117	565.917969	-84.570312
2657.288251	1.202801	565.917969	-84.570312
2657.290252	1.200702	13.207723	0.368671
2658.298843	0.378565	64.160156	463.476562
2658.300846	0.720578	64.160156	463.476562
2658.302847	1.047907	64.160156	463.476562
2658.304849	1.207350	64.160156	463.476562
2658.306848	1.204456	13.249013	0.338786
2659.362900	0.877385	573.535156	-84.667969
2659.364904	1.162365	573.535156	-84.667969
2659.368902	1.202364	573.535156	-84.667969
2659.370902	1.200423	13.204648	0.352929
2660.380939	0.519863	65.722656	460.058594
2660.382943	0.856937	65.722656	460.058594
2660.384942	1.150944	65.722656	460.058594
2660.386942	1.205482	65.722656	460.058594
2660.388943	1.201878	13.220654	0.328876
2661.442944	0.409065	541.992187	-85.156250
2661.444948	0.749897	541.992187	-85.156250
2661.446947	1.073891	541.992187	-85.156250
2661.448948	1.206693	541.992187	-85.156250
2661.450948	1.202936	13.232298	0.347278
2662.460970	0.480213	65.332031	461.425781
2662.462971	0.818621	65.332031	461.425781
2662.464973	1.127024	65.332031	461.425781
2662.466973	1.206470	65.332031	461.425781
2662.468973	1.202536	13.227893	0.326677
2663.524950	0.617386	549.902344	-85.839844
2663.526951	0.950554	549.902344	-85.839844
2663.528951	1.191611	549.902344	-85.839844
2663.530951	1.204408	549.902344	-85.839844
2663.532951	1.201402	13.215424	0.413104
2664.543009	0.608467	64.746094	461.132812
2664.545007	0.942122	64.746094	461.132812
2664.547007	1.189305	64.746094	461.132812
2664.549006	1.204975	64.746094	461.132812
2664.553004	1.200015	13.200163	0.347450
2665.605083	0.378771	564.941406	-86.816406
2665.607083	0.720870	564.941406	-86.816406
2665.609083	1.048162	564.941406	-86.816406
2665.613082	1.204669	564.941406	-86.816406
2665.615083	1.202091	13.223002	0.366556
2666.623071	0.532581	64.746094	462.792969
2666.625073	0.545273	64.746094	462.792969
2666.627074	1.157832	64.746094	462.792969
2666.629072	1.205315	64.746094	462.792969
2666.631073	1.201783	13.219616	0.314685
2667.687101	0.417079	526.464844	-88.378906
2667.689104	0.757698	526.464844	-88.378906
2667.691103	1.080584	526.464844	-88.378906
2667.693103	1.207379	526.464844	-88.378906
2667.695103	1.203569	13.239256	0.347261
2668.705179	0.715808	71.484375	444.140625
2668.709180	1.207696	71.484375	444.140625
2668.711180	1.205034	71.484375	444.140625
2668.713181	1.202410	13.226511	0.749879
2669.767203	0.390869	547.949219	-89.355469
2669.769205	0.732353	547.949219	-89.355469
2669.771205	1.058583	547.949219	-89.355469
2669.773206	1.207018	547.949219	-89.355469
2669.775205	1.203590	13.239485	0.355682
2670.783260	0.343892	61.230469	470.410156
2670.785261	0.687480	61.230469	470.410156
2670.789259	1.205206	61.230469	470.410156
2670.791261	1.204551	61.230469	470.410156
2670.793262	1.201822	13.220041	0.323769
2671.851272	0.863480	524.121094	-90.820312
2671.853274	1.154489	524.121094	-90.820312
2671.855274	1.205098	524.121094	-90.820312
2671.857275	1.201615	13.217764	0.348188
2672.865282	0.473608	69.628906	447.949219
2672.867286	0.812142	69.628906	447.949219
2672.869285	1.122333	69.628906	447.949219
2672.871285	1.205800	69.628906	447.949219
2672.873286	1.201915	13.221069	0.312284
2673.928203	0.387163	524.511719	-92.285156
2673.930206	0.728822	524.511719	-92.285156
2673.932206	1.055372	524.511719	-92.285156
2673.934207	1.207135	524.511719	-92.285156
2673.936206	1.203945	13.243394	0.359357
2674.948180	0.916220	57.910156	479.589844
2674.950187	1.179760	57.910156	479.589844
2674.954186	1.201619	57.910156	479.589844
2674.956188	1.199696	13.196654	0.307351
2676.010190	0.509387	520.996094	-93.652344
2676.012192	0.846709	520.996094	-93.652344
2676.014192	1.144994	520.996094	-93.652344
2676.016192	1.205746	520.996094	-93.652344
2676.018192	1.201988	13.221868	0.347776
2677.028253	0.501170	68.554687	449.316406
2677.030255	0.838818	68.554687	449.316406
2677.032254	1.140120	68.554687	449.316406
2677.034255	1.205940	68.554687	449.316406
2677.036255	1.202256	13.224818	0.299271
2678.092251	0.686977	533.789062	-94.628906
2678.094258	1.016429	533.789062	-94.628906
2678.096255	1.204862	533.789062	-94.628906
2678.098254	1.204037	13.244404	0.346221
2679.108760	0.321453	58.203125	476.660156
2679.110763	0.666023	58.203125	476.660156
2679.112764	0.996598	58.203125	476.660156
2679.114763	1.202927	58.203125	476.660156
2679.116763	1.205084	58.203125	476.660156
2679.118764	1.202194	13.224136	0.307400
2680.170782	0.391977	507.031250	-95.507812
2680.172786	0.733557	507.031250	-95.507812
2680.174786	1.059575	507.031250	-95.507812
2680.176785	1.206790	507.031250	-95.507812
2680.178785	1.203323	13.236551	0.350364
2681.190778	0.361181	57.031250	479.882812
2681.192778	0.703982	57.031250	479.882812
2681.194780	1.032475	57.031250	479.882812
2681.196780	1.206392	57.031250	479.882812
2681.198780	1.204349	13.247834	0.298360
2682.252837	0.698852	477.929687	-96.582031
2682.254839	1.027753	477.929687	-96.582031
2682.258837	1.204365	477.929687	-96.582031
2682.260840	1.201723	13.218951	0.349805
2683.272842	0.452982	56.445312	480.859375
2683.274846	0.792292	56.445312	480.859375
2683.276845	1.108252	56.445312	480.859375
2683.278844	1.207831	56.445312	480.859375
2683.280844	1.203903	13.242932	0.312977
2684.330919	0.325139	500.781250	-96.484375
2684.332919	0.669515	500.781250	-96.484375
2684.334920	0.999923	500.781250	-96.484375
2684.336920	1.202450	500.781250	-96.484375
2684.338921	1.203841	500.781250	-96.484375
2684.340924	1.201089	13.211977	0.355577
2685.354988	0.598248	59.472656	472.753906
2685.356991	0.932406	59.472656	472.753906
2685.360989	1.204501	59.472656	472.753906
2685.362988	1.201370	59.472656	472.753906
2685.364989	1.199548	13.195032	0.286978
2686.415065	0.939387	519.238281	-97.460937
2686.419066	1.204602	519.238281	-97.460937
2686.421068	1.201554	519.238281	-97.460937
2686.423068	1.199697	13.196663	0.354174
2687.435625	0.575353	57.714844	477.441406
2687.437628	0.587987	57.714844	477.441406
2687.439628	1.177448	57.714844	477.441406
2687.441627	1.204906	57.714844	477.441406
2687.443626	1.201717	13.218890	0.292927
2688.493643	0.528694	481.152344	-96.972656
2688.495644	0.865455	481.152344	-96.972656
2688.497645	1.155662	481.152344	-96.972656
2688.499644	1.205234	481.152344	-96.972656
2688.501644	1.201704	13.218748	0.338045
2689.517654	0.792020	57.714844	477.343750
2689.519656	1.108235	57.714844	477.343750
2689.521657	1.208338	57.714844	477.343750
2689.523655	1.204405	13.248454	0.299557
2690.573696	0.314278	493.457031	-98.144531
2690.575695	0.659144	493.457031	-98.144531
2690.577696	0.990060	493.457031	-98.144531
2690.579696	1.200744	493.457031	-98.144531
2690.581696	1.203743	493.457031	-98.144531
2690.583696	1.201010	13.211108	0.343440
2691.597722	0.586200	56.152344	481.835937
2691.599724	0.921001	56.152344	481.835937
2691.601729	1.181476	56.152344	481.835937
2691.603725	1.204591	56.152344	481.835937
2691.605724	1.201468	13.216143	0.299407
2692.657737	0.831790	484.667969	-97.265625
2692.659737	1.135699	484.667969	-97.265625
2692.661738	1.205960	484.667969	-97.265625
2692.663738	1.202155	13.223702	0.333247
2693.677802	0.469375	61.132812	467.285156
2693.679803	0.808038	61.132812	467.285156
2693.681804	1.119757	61.132812	467.285156
2693.683805	1.207197	61.132812	467.285156
2693.685803	1.203275	13.236030	0.287928
2694.735815	0.329471	525.488281	-97.753906
2694.737818	0.673628	525.488281	-97.753906
2694.739817	1.003713	525.488281	-97.753906
2694.741820	1.207650	525.488281	-97.753906
2694.743820	1.209098	525.488281	-97.753906
2694.745820	1.206456	13.271018	0.343696
2695.758721	0.494597	62.402344	464.257812
2695.760722	0.832352	62.402344	464.257812
2695.762722	1.135828	62.402344	464.257812
2695.764722	1.205326	62.402344	464.257812
2695.766721	1.201582	13.217401	0.285776
2696.818723	0.566222	476.269531	-96.582031
2696.820724	0.901744	476.269531	-96.582031
2696.822724	1.173860	476.269531	-96.582031
2696.824724	1.205207	476.269531	-96.582031
2696.828723	1.200042	13.200464	0.345734
2697.840746	0.794767	62.988281	462.207031
2697.842750	1.109946	62.988281	462.207031
2697.844749	1.207055	62.988281	462.207031
2697.846749	1.203092	13.234017	0.286083
2698.899281	0.529819	510.253906	-96.777344
2698.901283	0.866466	510.253906	-96.777344
2698.903282	1.156369	510.253906	-96.777344
2698.905283	1.205522	510.253906	-96.777344
2698.907282	1.201989	13.221876	0.335001
2699.919323	0.467338	58.691406	473.730469
2699.921325	0.806012	58.691406	473.730469
2699.923325	1.118121	58.691406	473.730469
2699.925324	1.206120	58.691406	473.730469
2699.927326	1.202205	13.224252	0.284644
2700.981410	0.544629	478.906250	-95.605469
2700.983410	0.880888	478.906250	-95.605469
2700.985412	1.163726	478.906250	-95.605469
2700.987410	1.204941	478.906250	-95.605469
2700.989411	1.201612	13.217728	0.343831
2701.999466	0.403703	56.933594	477.148437
2702.001467	0.744696	56.933594	477.148437
2702.003468	1.069364	56.933594	477.148437
2702.005467	1.206910	56.933594	477.148437
2702.007468	1.203183	13.235010	0.289890
2703.061478	0.288967	533.496094	-94.921875
2703.063481	0.635151	533.496094	-94.921875
2703.065481	0.967289	533.496094	-94.921875
2703.067480	1.196377	533.496094	-94.921875
2703.069480	1.204502	533.496094	-94.921875
2703.071481	1.201567	13.217233	0.350491
2704.079496	0.408745	60.156250	470.019531
2704.081498	0.749546	60.156250	470.019531
2704.083499	1.073742	60.156250	470.019531
2704.085498	1.207911	60.156250	470.019531
2704.087498	1.204199	13.246194	0.293256
2705.147546	1.148410	521.289062	-94.042969
2705.149548	1.205817	521.289062	-94.042969
2705.151547	1.202129	13.223417	0.330476
2706.160070	0.374979	59.375000	470.996094
2706.162072	0.717052	59.375000	470.996094
2706.164074	1.044627	59.375000	470.996094
2706.166071	1.206217	59.375000	470.996094
2706.168073	1.203292	13.236215	0.294761
2707.224095	0.390377	505.859375	-92.285156
2707.226097	0.731913	505.859375	-92.285156
2707.228097	1.058154	505.859375	-92.285156
2707.230096	1.206892	505.859375	-92.285156
2707.232097	1.203519	13.238714	0.329210
2708.244126	0.929989	69.921875	444.042969
2708.246128	1.184793	69.921875	444.042969
2708.248127	1.204472	69.921875	444.042969
2708.250129	1.201352	13.214874	0.293961
2709.305053	0.330251	516.308594	-91.503906
2709.307053	0.674415	516.308594	-91.503906
2709.309056	1.004508	516.308594	-91.503906
2709.311065	1.204788	516.308594	-91.503906
2709.313066	1.205574	516.308594	-91.503906
2709.315065	1.202664	13.229303	0.327574
2710.323058	0.536566	57.812500	471.289062
2710.325058	0.873093	57.812500	471.289062
2710.327060	1.159897	57.812500	471.289062
2710.329064	1.205623	57.812500	471.289062
2710.331065	1.202096	13.223055	0.295805
2711.389112	0.892754	520.605469	-90.625000
2711.391113	1.169663	520.605469	-90.625000
2711.393113	1.205186	520.605469	-90.625000
2711.395113	1.201860	13.220458	0.314985
2712.405127	0.715285	69.335937	445.507812
2712.407127	1.042949	69.335937	445.507812
2712.411126	1.204243	69.335937	445.507812
2712.413127	1.201629	13.217923	0.287515
2713.467658	0.519002	509.179687	-89.355469
2713.469664	0.855974	509.179687	-89.355469
2713.471668	0.879983	509.179687	-89.355469
2713.473667	1.205521	509.179687	-89.355469
2713.475667	1.201932	13.221248	0.311114
2714.487712	0.931099	70.117187	441.699219
2714.489715	1.185444	70.117187	441.699219
2714.491715	1.204958	70.117187	441.699219
2714.493715	1.201881	13.220689	0.277812
2715.549742	0.828070	518.164062	-89.453125
2715.551745	1.133220	518.164062	-89.453125
2715.553744	1.205867	518.164062	-89.453125
2715.555744	1.202065	13.222717	0.319029
2716.567780	0.731056	68.457031	444.824219
2716.569783	1.057428	68.457031	444.824219
2716.571782	1.207547	68.457031	444.824219
2716.573783	1.204203	13.246229	0.285403
2717.628301	0.454677	541.113281	-89.257812
2717.630303	0.793862	541.113281	-89.257812
2717.632303	1.109361	541.113281	-89.257812
2717.634303	1.207109	541.113281	-89.257812
2717.636303	1.203192	13.235108	0.314438
2718.647292	0.340060	60.937500	459.960937
2718.649294	0.683710	60.937500	459.960937
2718.651299	1.013318	60.937500	459.960937
2718.653302	1.203842	60.937500	459.960937
2718.657303	1.200636	13.206996	0.285157
2719.711318	0.793022	496.386719	-88.281250
2719.713320	0.804620	496.386719	-88.281250
2719.715321	1.207327	496.386719	-88.281250
2719.717321	1.203336	13.236693	0.328813
2720.727332	0.392299	60.449219	459.765625
2720.729333	0.733684	60.449219	459.765625
2720.731335	1.059725	60.449219	459.765625
2720.733334	1.207281	60.449219	459.765625
2720.735334	1.203819	13.242011	0.293616
2721.789333	0.412505	497.363281	-88.769531
2721.791335	0.753172	497.363281	-88.769531
2721.793334	1.076718	497.363281	-88.769531
2721.795335	1.206772	497.363281	-88.769531
2721.799335	1.200572	13.206296	0.316151
2722.809346	0.471745	71.191406	435.546875
2722.811347	0.484538	71.191406	435.546875
2722.813346	1.120956	71.191406	435.546875
2722.815347	1.205731	71.191406	435.546875
2722.817348	1.201824	13.220069	0.298649
2723.873380	0.919116	535.742187	-88.574219
2723.875380	1.181112	535.742187	-88.574219
2723.877382	1.205158	535.742187	-88.574219
2723.879380	1.201887	13.220759	0.305337
2724.889922	0.526637	59.960937	462.109375
2724.891924	0.863344	59.960937	462.109375
2724.893925	1.154497	59.960937	462.109375
2724.895925	1.205276	59.960937	462.109375
2724.897924	1.201753	13.219279	0.283237
2725.951988	0.469839	513.671875	-89.160156
2725.953989	0.808448	513.671875	-89.160156
2725.955992	1.119776	513.671875	-89.160156
2725.957990	1.206040	513.671875	-89.160156
2725.959990	1.202048	13.222531	0.310791
