crossing time (s)	slope (V/s)	crossing number
281474976710655.000000	8.214089	2838	3782250496.000000
281474976710655.000000	8.121303	2839	3783296256.000000
281474976710655.000000	8.097956	2840	3784333824.000000
281474976710655.000000	8.132152	2841	3785378816.000000
281474976710655.000000	8.057960	2842	3786416384.000000
281474976710655.000000	8.087102	2843	3787462144.000000
281474976710655.000000	8.098524	2844	3788499456.000000
281474976710655.000000	8.081886	2845	3789545216.000000
281474976710655.000000	8.032055	2846	3790582784.000000
281474976710655.000000	8.035021	2847	3791627520.000000
281474976710655.000000	8.084487	2848	3792665856.000000
281474976710655.000000	8.078408	2849	3793710848.000000
281474976710655.000000	8.024475	2850	3794748928.000000
281474976710655.000000	8.139670	2851	3795793664.000000
281474976710655.000000	8.197759	2852	3796832256.000000
281474976710655.000000	8.018185	2853	3797875968.000000
281474976710655.000000	8.169988	2854	3798915072.000000
281474976710655.000000	7.930764	2855	3799958784.000000
281474976710655.000000	8.078284	2856	3800998400.000000
281474976710655.000000	8.090754	2857	3802041600.000000
281474976710655.000000	8.132354	2858	3803081728.000000
281474976710655.000000	7.980751	2859	3804124416.000000
281474976710655.000000	8.057694	2860	3805164800.000000
281474976710655.000000	8.085494	2861	3806207232.000000
281474976710655.000000	8.105353	2862	3807248128.000000
281474976710655.000000	8.219614	2863	3808289536.000000
281474976710655.000000	8.243945	2864	3809331200.000000
281474976710655.000000	8.103889	2865	3810372608.000000
281474976710655.000000	8.198456	2866	3811414272.000000
281474976710655.000000	8.114335	2867	3812455424.000000
281474976710655.000000	8.222387	2868	3813496576.000000
281474976710655.000000	8.020123	2869	3814538240.000000
281474976710655.000000	8.096130	2870	3815580416.000000
281474976710655.000000	8.008062	2871	3816620800.000000
281474976710655.000000	8.214565	2872	3817662976.000000
281474976710655.000000	8.010401	2873	3818703616.000000
281474976710655.000000	8.191860	2874	3819746304.000000
281474976710655.000000	8.103519	2875	3820786432.000000
281474976710655.000000	8.180434	2876	3821829376.000000
281474976710655.000000	8.116706	2877	3822869504.000000
281474976710655.000000	8.096759	2878	3823912448.000000
281474976710655.000000	8.045639	2879	3824952576.000000
281474976710655.000000	8.218454	2880	3825995520.000000
281474976710655.000000	8.089042	2881	3827035648.000000
281474976710655.000000	8.257961	2882	3828078080.000000
281474976710655.000000	8.131339	2883	3829119232.000000
281474976710655.000000	8.082003	2884	3830161408.000000
281474976710655.000000	7.999041	2885	3831202304.000000
281474976710655.000000	8.082972	2886	3832244224.000000
281474976710655.000000	8.005570	2887	3833285376.000000
281474976710655.000000	8.009276	2888	3834326784.000000
281474976710655.000000	8.135805	2889	3835368192.000000
281474976710655.000000	8.235709	2890	3836409344.000000
281474976710655.000000	8.089325	2891	3837451520.000000
281474976710655.000000	8.122837	2892	3838492416.000000
281474976710655.000000	8.190660	2893	3839534848.000000
281474976710655.000000	8.218966	2894	3840574976.000000
281474976710655.000000	8.087937	2895	3841617664.000000
281474976710655.000000	8.149410	2896	3842657792.000000
281474976710655.000000	8.179543	2897	3843701504.000000
281474976710655.000000	8.197124	2898	3844740608.000000
281474976710655.000000	8.097700	2899	3845784320.000000
281474976710655.000000	8.245640	2900	3846823424.000000
281474976710655.000000	8.280460	2901	3847867648.000000
281474976710655.000000	8.234093	2902	3848905984.000000
281474976710655.000000	8.141711	2903	3849950720.000000
281474976710655.000000	8.130077	2904	3850988544.000000
281474976710655.000000	8.089906	2905	3852034048.000000
281474976710655.000000	8.203591	2906	3853071616.000000
281474976710655.000000	8.126994	2907	3854117120.000000
281474976710655.000000	8.252377	2908	3855154432.000000
281474976710655.000000	8.262137	2909	3856199936.000000
281474976710655.000000	8.240557	2910	3857237504.000000
281474976710655.000000	8.103589	2911	3858283264.000000
281474976710655.000000	8.102432	2912	3859320576.000000
281474976710655.000000	8.116715	2913	3860366336.000000
281474976710655.000000	8.284669	2914	3861403136.000000
281474976710655.000000	8.204605	2915	3862448640.000000
281474976710655.000000	8.227926	2916	3863486464.000000
281474976710655.000000	8.166405	2917	3864531712.000000
281474976710655.000000	8.157840	2918	3865569280.000000
281474976710655.000000	8.233965	2919	3866614784.000000
281474976710655.000000	8.074234	2920	3867652096.000000
281474976710655.000000	8.174284	2921	3868697088.000000
281474976710655.000000	8.247246	2922	3869735168.000000
281474976710655.000000	8.156568	2923	3870780160.000000
281474976710655.000000	8.204704	2924	3871818496.000000
281474976710655.000000	8.283265	2925	3872862976.000000
281474976710655.000000	8.247043	2926	3873901824.000000
281474976710655.000000	8.162641	2927	3874946048.000000
281474976710655.000000	8.257545	2928	3875984896.000000
281474976710655.000000	8.175138	2929	3877028864.000000
281474976710655.000000	8.083848	2930	3878067968.000000
281474976710655.000000	8.161703	2931	3879111168.000000
281474976710655.000000	8.203990	2932	3880151040.000000
281474976710655.000000	8.097427	2933	3881193984.000000
281474976710655.000000	8.169553	2934	3882234112.000000
281474976710655.000000	8.264348	2935	3883276800.000000
281474976710655.000000	8.269605	2936	3884317184.000000
281474976710655.000000	8.080979	2937	3885359616.000000
281474976710655.000000	8.192102	2938	3886400256.000000
281474976710655.000000	8.196122	2939	3887442432.000000
281474976710655.000000	8.367073	2940	3888483584.000000
281474976710655.000000	8.116179	2941	3889525248.000000
281474976710655.000000	8.289977	2942	3890566656.000000
281474976710655.000000	8.177713	2943	3891607552.000000
281474976710655.000000	8.146682	2944	3892649728.000000
281474976710655.000000	8.164583	2945	3893690624.000000
281474976710655.000000	8.313062	2946	3894732800.000000
281474976710655.000000	8.225233	2947	3895773440.000000
281474976710655.000000	8.217200	2948	3896815872.000000
281474976710655.000000	8.176886	2949	3897856512.000000
281474976710655.000000	8.235903	2950	3898898944.000000
281474976710655.000000	8.125096	2951	3899939840.000000
281474976710655.000000	8.310378	2952	3900981504.000000
281474976710655.000000	8.210136	2953	3902022144.000000
281474976710655.000000	8.134074	2954	3903064832.000000
281474976710655.000000	8.256505	2955	3904105472.000000
281474976710655.000000	8.280858	2956	3905148160.000000
281474976710655.000000	8.236523	2957	3906188032.000000
281474976710655.000000	8.188134	2958	3907230720.000000
281474976710655.000000	8.147062	2959	3908270848.000000
281474976710655.000000	8.334844	2960	3909313792.000000
281474976710655.000000	8.167885	2961	3910354688.000000
281474976710655.000000	8.211789	2962	3911396608.000000
281474976710655.000000	8.220741	2963	3912437504.000000
281474976710655.000000	8.283627	2964	3913479168.000000
281474976710655.000000	8.125297	2965	3914521088.000000
281474976710655.000000	8.262336	2966	3915561984.000000
281474976710655.000000	8.113359	2967	3916603904.000000
281474976710655.000000	8.157862	2968	3917644800.000000
281474976710655.000000	8.260200	2969	3918686464.000000
281474976710655.000000	8.183524	2970	3919727616.000000
281474976710655.000000	8.214016	2971	3920770304.000000
281474976710655.000000	8.321191	2972	3921809920.000000
281474976710655.000000	8.220260	2973	3922853632.000000
281474976710655.000000	8.272709	2974	3923892992.000000
281474976710655.000000	8.240218	2975	3924936704.000000
281474976710655.000000	8.355445	2976	3925975552.000000
281474976710655.000000	8.195472	2977	3927019776.000000
281474976710655.000000	8.178296	2978	3928058624.000000
281474976710655.000000	8.307165	2979	3929102848.000000
281474976710655.000000	8.334884	2980	3930140928.000000
281474976710655.000000	8.194226	2981	3931185920.000000
281474976710655.000000	8.249070	2982	3932224512.000000
281474976710655.000000	8.289328	2983	3933268992.000000
281474976710655.000000	8.289105	2984	3934307072.000000
281474976710655.000000	8.358836	2985	3935352320.000000
281474976710655.000000	8.330208	2986	3936390144.000000
281474976710655.000000	8.184067	2987	3937434880.000000
281474976710655.000000	8.277121	2988	3938472448.000000
281474976710655.000000	8.310727	2989	3939517440.000000
281474976710655.000000	8.315166	2990	3940555776.000000
281474976710655.000000	8.243798	2991	3941601024.000000
281474976710655.000000	8.202092	2992	3942638848.000000
281474976710655.000000	8.365604	2993	3943683584.000000
281474976710655.000000	8.238380	2994	3944721408.000000
281474976710655.000000	8.267107	2995	3945766656.000000
281474976710655.000000	8.151821	2996	3946804480.000000
281474976710655.000000	8.175147	2997	3947849216.000000
281474976710655.000000	8.200670	2998	3948887552.000000
281474976710655.000000	8.295315	2999	3949932544.000000
281474976710655.000000	8.309745	3000	3950970368.000000
281474976710655.000000	8.303411	3001	3952015616.000000
281474976710655.000000	8.243599	3002	3953053440.000000
281474976710655.000000	8.315774	3003	3954098176.000000
281474976710655.000000	8.269706	3004	3955136256.000000
281474976710655.000000	8.348859	3005	3956180992.000000
281474976710655.000000	8.392308	3006	3957219840.000000
281474976710655.000000	8.156301	3007	3958263808.000000
281474976710655.000000	8.151854	3008	3959302656.000000
281474976710655.000000	8.384531	3009	3960346112.000000
281474976710655.000000	8.204564	3010	3961385984.000000
281474976710655.000000	8.339230	3011	3962428672.000000
281474976710655.000000	8.257287	3012	3963469312.000000
281474976710655.000000	8.254615	3013	3964511744.000000
281474976710655.000000	8.345639	3014	3965552128.000000
281474976710655.000000	8.284366	3015	3966594304.000000
281474976710655.000000	8.235946	3016	3967635456.000000
281474976710655.000000	8.207381	3017	3968677376.000000
281474976710655.000000	8.299506	3018	3969718784.000000
281474976710655.000000	8.131231	3019	3970759936.000000
281474976710655.000000	8.286573	3020	3971801344.000000
281474976710655.000000	8.199267	3021	3972843008.000000
281474976710655.000000	8.257472	3022	3973884160.000000
281474976710655.000000	8.262193	3023	3974926080.000000
281474976710655.000000	8.273808	3024	3975967488.000000
281474976710655.000000	8.175701	3025	3977008640.000000
281474976710655.000000	8.161887	3026	3978050816.000000
281474976710655.000000	8.347243	3027	3979091456.000000
281474976710655.000000	8.268465	3028	3980133632.000000
281474976710655.000000	8.174102	3029	3981174528.000000
281474976710655.000000	8.378849	3030	3982216192.000000
281474976710655.000000	8.180560	3031	3983257344.000000
281474976710655.000000	8.336703	3032	3984299264.000000
281474976710655.000000	8.211190	3033	3985340672.000000
281474976710655.000000	8.288849	3034	3986381824.000000
281474976710655.000000	8.208353	3035	3987423744.000000
281474976710655.000000	8.236748	3036	3988465408.000000
281474976710655.000000	8.276774	3037	3989506304.000000
281474976710655.000000	8.386383	3038	3990548224.000000
281474976710655.000000	8.271188	3039	3991589376.000000
281474976710655.000000	8.283470	3040	3992631040.000000
281474976710655.000000	8.219531	3041	3993672704.000000
281474976710655.000000	8.182673	3042	3994713856.000000
281474976710655.000000	8.328224	3043	3995755776.000000
281474976710655.000000	8.201934	3044	3996796672.000000
281474976710655.000000	8.354774	3045	3997838848.000000
281474976710655.000000	8.275912	3046	3998879488.000000
281474976710655.000000	8.318407	3047	3999922176.000000
281474976710655.000000	8.277141	3048	4000962304.000000
281474976710655.000000	8.268343	3049	4002004992.000000
281474976710655.000000	8.279979	3050	4003045120.000000
281474976710655.000000	8.238386	3051	4004088064.000000
281474976710655.000000	8.222219	3052	4005127424.000000
281474976710655.000000	8.295960	3053	4006170624.000000
281474976710655.000000	8.366777	3054	4007210496.000000
281474976710655.000000	8.330372	3055	4008254208.000000
281474976710655.000000	8.227318	3056	4009293312.000000
281474976710655.000000	8.307073	3057	4010337536.000000
281474976710655.000000	8.392444	3058	4011376128.000000
281474976710655.000000	8.267007	3059	4012420352.000000
281474976710655.000000	8.342461	3060	4013458688.000000
281474976710655.000000	8.373120	3061	4014503680.000000
281474976710655.000000	8.326747	3062	4015541504.000000
281474976710655.000000	8.372210	3063	4016586496.000000
281474976710655.000000	8.361060	3064	4017624320.000000
281474976710655.000000	8.367683	3065	4018669824.000000
281474976710655.000000	8.343451	3066	4019707392.000000
281474976710655.000000	8.277039	3067	4020752384.000000
281474976710655.000000	8.360950	3068	4021790464.000000
281474976710655.000000	8.262264	3069	4022835456.000000
281474976710655.000000	8.240574	3070	4023873280.000000
281474976710655.000000	8.301266	3071	4024918528.000000
281474976710655.000000	8.275963	3072	4025956608.000000
281474976710655.000000	8.367845	3073	4027001600.000000
281474976710655.000000	8.236773	3074	4028039168.000000
281474976710655.000000	8.299039	3075	4029083904.000000
281474976710655.000000	8.328221	3076	4030122240.000000
281474976710655.000000	8.345795	3077	4031166976.000000
281474976710655.000000	8.343181	3078	4032205056.000000
281474976710655.000000	8.349762	3079	4033249792.000000
281474976710655.000000	8.233915	3080	4034288640.000000
281474976710655.000000	8.372724	3081	4035332608.000000
281474976710655.000000	8.355029	3082	4036371712.000000
281474976710655.000000	8.334708	3083	4037415424.000000
281474976710655.000000	8.390226	3084	4038454528.000000
281474976710655.000000	8.348265	3085	4039498240.000000
281474976710655.000000	8.242824	3086	4040537856.000000
281474976710655.000000	8.355147	3087	4041581056.000000
281474976710655.000000	8.306806	3088	4042620672.000000
281474976710655.000000	8.311287	3089	4043664128.000000
281474976710655.000000	8.341395	3090	4044703744.000000
281474976710655.000000	8.368848	3091	4045746432.000000
281474976710655.000000	8.263976	3092	4046786816.000000
281474976710655.000000	8.342120	3093	4047829504.000000
281474976710655.000000	8.288502	3094	4048869632.000000
281474976710655.000000	8.291298	3095	4049912064.000000
281474976710655.000000	8.325243	3096	4050952960.000000
281474976710655.000000	8.336227	3097	4051995136.000000
281474976710655.000000	8.298591	3098	4053036032.000000
281474976710655.000000	8.355390	3099	4054077952.000000
281474976710655.000000	8.304031	3100	4055119104.000000
281474976710655.000000	8.371375	3101	4056160512.000000
281474976710655.000000	8.433843	3102	4057201920.000000
281474976710655.000000	8.277101	3103	4058243584.000000
281474976710655.000000	8.297409	3104	4059285248.000000
281474976710655.000000	8.343984	3105	4060326400.000000
281474976710655.000000	8.347150	3106	4061368064.000000
281474976710655.000000	8.274988	3107	4062409472.000000
281474976710655.000000	8.374679	3108	4063450880.000000
281474976710655.000000	8.347944	3109	4064492544.000000
281474976710655.000000	8.194468	3110	4065533952.000000
281474976710655.000000	8.334320	3111	4066575104.000000
281474976710655.000000	8.218514	3112	4067617024.000000
281474976710655.000000	8.266593	3113	4068657920.000000
281474976710655.000000	8.380235	3114	4069699584.000000
281474976710655.000000	8.311522	3115	4070741504.000000
281474976710655.000000	8.273293	3116	4071782656.000000
281474976710655.000000	8.416507	3117	4072824064.000000
281474976710655.000000	8.292850	3118	4073865728.000000
281474976710655.000000	8.306086	3119	4074907392.000000
281474976710655.000000	8.296286	3120	4075948288.000000
281474976710655.000000	8.333127	3121	4076990208.000000
281474976710655.000000	8.378466	3122	4078031104.000000
281474976710655.000000	8.363003	3123	4079073792.000000
281474976710655.000000	8.283423	3124	4080114432.000000
281474976710655.000000	8.321190	3125	4081156352.000000
281474976710655.000000	8.279177	3126	4082196480.000000
281474976710655.000000	8.341185	3127	4083239680.000000
281474976710655.000000	8.364268	3128	4084279552.000000
281474976710655.000000	8.393826	3129	4085322752.000000
281474976710655.000000	8.300211	3130	4086362368.000000
281474976710655.000000	8.365047	3131	4087405824.000000
281474976710655.000000	8.318029	3132	4088445184.000000
281474976710655.000000	8.299654	3133	4089488896.000000
281474976710655.000000	8.260481	3134	4090528256.000000
281474976710655.000000	8.440123	3135	4091571712.000000
281474976710655.000000	8.286817	3136	4092610816.000000
281474976710655.000000	8.453706	3137	4093655296.000000
281474976710655.000000	8.450962	3138	4094693632.000000
281474976710655.000000	8.317387	3139	4095738112.000000
281474976710655.000000	8.360747	3140	4096776448.000000
281474976710655.000000	8.447357	3141	4097821184.000000
281474976710655.000000	8.228822	3142	4098859520.000000
281474976710655.000000	8.432766	3143	4099904000.000000
281474976710655.000000	8.309033	3144	4100942336.000000
281474976710655.000000	8.437223	3145	4101987072.000000
281474976710655.000000	8.302205	3146	4103025152.000000
281474976710655.000000	8.292311	3147	4104069888.000000
281474976710655.000000	8.356391	3148	4105108480.000000
281474976710655.000000	8.377968	3149	4106152704.000000
281474976710655.000000	8.322697	3150	4107191296.000000
281474976710655.000000	8.434267	3151	4108235776.000000
281474976710655.000000	8.404428	3152	4109274112.000000
281474976710655.000000	8.268638	3153	4110318336.000000
281474976710655.000000	8.275049	3154	4111356928.000000
281474976710655.000000	8.452384	3155	4112401152.000000
281474976710655.000000	8.298378	3156	4113440000.000000
281474976710655.000000	8.348623	3157	4114484480.000000
281474976710655.000000	8.261972	3158	4115523072.000000
281474976710655.000000	8.339672	3159	4116567040.000000
281474976710655.000000	8.278811	3160	4117606144.000000
281474976710655.000000	8.468475	3161	4118649856.000000
281474976710655.000000	8.492681	3162	4119688960.000000
281474976710655.000000	8.371016	3163	4120732672.000000
281474976710655.000000	8.344332	3164	4121772288.000000
281474976710655.000000	8.479932	3165	4122815488.000000
281474976710655.000000	8.350725	3166	4123855360.000000
281474976710655.000000	8.271999	3167	4124898304.000000
281474976710655.000000	8.348340	3168	4125938176.000000
281474976710655.000000	8.388107	3169	4126981120.000000
281474976710655.000000	8.435648	3170	4128021504.000000
281474976710655.000000	8.471864	3171	4129063936.000000
281474976710655.000000	8.370300	3172	4130104576.000000
281474976710655.000000	8.407321	3173	4131146752.000000
281474976710655.000000	8.233163	3174	4132187392.000000
281474976710655.000000	8.414828	3175	4133229568.000000
281474976710655.000000	8.409755	3176	4134270464.000000
281474976710655.000000	8.278071	3177	4135312128.000000
281474976710655.000000	8.266685	3178	4136353792.000000
281474976710655.000000	8.391268	3179	4137394944.000000
281474976710655.000000	8.472646	3180	4138436864.000000
281474976710655.000000	8.353771	3181	4139478016.000000
281474976710655.000000	8.316468	3182	4140519936.000000
281474976710655.000000	8.345431	3183	4141560832.000000
281474976710655.000000	8.303135	3184	4142602752.000000
281474976710655.000000	8.458677	3185	4143643904.000000
281474976710655.000000	8.425000	3186	4144685568.000000
281474976710655.000000	8.297026	3187	4145726720.000000
281474976710655.000000	8.411908	3188	4146768896.000000
281474976710655.000000	8.437766	3189	4147809792.000000
281474976710655.000000	8.372127	3190	4148851712.000000
281474976710655.000000	8.430541	3191	4149892864.000000
281474976710655.000000	8.443789	3192	4150934272.000000
281474976710655.000000	8.331466	3193	4151975936.000000
281474976710655.000000	8.413501	3194	4153017344.000000
281474976710655.000000	8.367263	3195	4154059008.000000
281474976710655.000000	8.321922	3196	4155100160.000000
281474976710655.000000	8.347768	3197	4156142080.000000
281474976710655.000000	8.320154	3198	4157182976.000000
281474976710655.000000	8.379073	3199	4158225152.000000
281474976710655.000000	8.498461	3200	4159265792.000000
281474976710655.000000	8.291407	3201	4160307968.000000
281474976710655.000000	8.346825	3202	4161348352.000000
281474976710655.000000	8.402423	3203	4162391040.000000
281474976710655.000000	8.326131	3204	4163431168.000000
281474976710655.000000	8.377555	3205	4164474368.000000
281474976710655.000000	8.351501	3206	4165514240.000000
281474976710655.000000	8.468255	3207	4166557184.000000
281474976710655.000000	8.378119	3208	4167596800.000000
281474976710655.000000	8.354441	3209	4168640256.000000
281474976710655.000000	8.285452	3210	4169679872.000000
281474976710655.000000	8.487202	3211	4170723328.000000
281474976710655.000000	8.358492	3212	4171762688.000000
281474976710655.000000	8.448834	3213	4172806400.000000
281474976710655.000000	8.434155	3214	4173845504.000000
281474976710655.000000	8.564432	3215	4174889472.000000
281474976710655.000000	8.282615	3216	4175927808.000000
281474976710655.000000	8.420543	3217	4176972544.000000
281474976710655.000000	8.305636	3218	4178010624.000000
281474976710655.000000	8.467603	3219	4179055360.000000
281474976710655.000000	8.334337	3220	4180093952.000000
281474976710655.000000	8.419076	3221	4181138176.000000
281474976710655.000000	8.391048	3222	4182176256.000000
281474976710655.000000	8.381285	3223	4183219968.000000
281474976710655.000000	8.379213	3224	4184259328.000000
281474976710655.000000	8.449837	3225	4185303552.000000
281474976710655.000000	8.306138	3226	4186342144.000000
281474976710655.000000	8.500834	3227	4187386880.000000
281474976710655.000000	8.491805	3228	4188425472.000000
281474976710655.000000	8.421584	3229	4189470208.000000
281474976710655.000000	8.268042	3230	4190508544.000000
281474976710655.000000	8.558674	3231	4191553024.000000
281474976710655.000000	8.329426	3232	4192591104.000000
281474976710655.000000	8.362906	3233	4193635584.000000
281474976710655.000000	8.516156	3234	4194674432.000000
281474976710655.000000	8.371588	3235	4195718656.000000
281474976710655.000000	8.246189	3236	4196756992.000000
281474976710655.000000	8.465323	3237	4197801472.000000
281474976710655.000000	8.350836	3238	4198840064.000000
281474976710655.000000	8.481515	3239	4199884544.000000
281474976710655.000000	8.320405	3240	4200923136.000000
281474976710655.000000	8.380621	3241	4201967360.000000
281474976710655.000000	8.350645	3242	4203006464.000000
281474976710655.000000	8.476068	3243	4204049664.000000
281474976710655.000000	8.346203	3244	4205089280.000000
281474976710655.000000	8.374768	3245	4206132992.000000
281474976710655.000000	8.239758	3246	4207171840.000000
281474976710655.000000	8.527251	3247	4208215552.000000
281474976710655.000000	8.510020	3248	4209255424.000000
281474976710655.000000	8.374242	3249	4210298624.000000
281474976710655.000000	8.295943	3250	4211338496.000000
281474976710655.000000	8.356104	3251	4212381440.000000
281474976710655.000000	8.297068	3252	4213421568.000000
281474976710655.000000	8.382028	3253	4214464256.000000
281474976710655.000000	8.432955	3254	4215504640.000000
281474976710655.000000	8.499510	3255	4216546816.000000
281474976710655.000000	8.338383	3256	4217587968.000000
281474976710655.000000	8.387634	3257	4218629376.000000
281474976710655.000000	8.486341	3258	4219670528.000000
281474976710655.000000	8.395614	3259	4220712448.000000
281474976710655.000000	8.345629	3260	4221753856.000000
281474976710655.000000	8.506251	3261	4222795520.000000
281474976710655.000000	8.375541	3262	4223836672.000000
281474976710655.000000	8.412208	3263	4224878080.000000
281474976710655.000000	8.402158	3264	4225920000.000000
281474976710655.000000	8.362480	3265	4226961408.000000
281474976710655.000000	8.290977	3266	4228002560.000000
281474976710655.000000	8.433160	3267	4229044480.000000
281474976710655.000000	8.315369	3268	4230085376.000000
281474976710655.000000	8.411000	3269	4231127552.000000
281474976710655.000000	8.321000	3270	4232168448.000000
281474976710655.000000	8.479332	3271	4233210112.000000
281474976710655.000000	8.368256	3272	4234251520.000000
281474976710655.000000	8.405369	3273	4235293184.000000
281474976710655.000000	8.308450	3274	4236334336.000000
281474976710655.000000	8.503641	3275	4237376000.000000
281474976710655.000000	8.475064	3276	4238416896.000000
281474976710655.000000	8.464831	3277	4239459072.000000
281474976710655.000000	8.326724	3278	4240499968.000000
281474976710655.000000	8.499259	3279	4241542144.000000
281474976710655.000000	8.427434	3280	4242583040.000000
281474976710655.000000	8.425623	3281	4243625472.000000
281474976710655.000000	8.355093	3282	4244665600.000000
281474976710655.000000	8.404490	3283	4245707776.000000
281474976710655.000000	8.481052	3284	4246748160.000000
281474976710655.000000	8.527815	3285	4247791104.000000
281474976710655.000000	8.387366	3286	4248831232.000000
281474976710655.000000	8.375090	3287	4249874176.000000
281474976710655.000000	8.377852	3288	4250914048.000000
281474976710655.000000	8.526607	3289	4251957504.000000
281474976710655.000000	8.332925	3290	4252996608.000000
281474976710655.000000	8.429885	3291	4254040832.000000
281474976710655.000000	8.479234	3292	4255079680.000000
281474976710655.000000	8.485444	3293	4256123648.000000
281474976710655.000000	8.318448	3294	4257162752.000000
281474976710655.000000	8.620106	3295	4258206976.000000
281474976710655.000000	8.383676	3296	4259245824.000000
281474976710655.000000	8.534332	3297	4260289536.000000
