num crossings	time (s)	maj axis (mm)	min axis (mm)	theta (rad )	slope (V/s)
2837	3779.927119	86.374264	-3.244141	2.467979	8.009436
2839	3782.010128	66.489920	-1.846797	2.455021	7.971995
2841	3784.093454	69.923111	4.589779	2.447053	7.893664
2843	3786.176051	61.676136	-1.486333	2.429940	8.138810
2845	3788.259154	66.721087	-2.601858	2.446156	7.699011
2847	3790.342418	69.262061	-1.091933	2.447075	7.946176
2849	3792.425353	61.186444	-2.829539	2.393171	8.007503
2851	3794.508621	62.618265	-2.072679	2.439139	8.126005
2853	3796.591774	62.417113	-1.522388	2.462843	7.963516
2855	3798.674795	63.361069	-2.003937	2.455130	8.132687
2857	3800.757974	66.847043	-7.439559	2.448245	7.885657
2859	3802.841341	62.544977	-1.429324	2.461273	7.969089
2861	3804.924295	60.516312	-3.905483	2.417291	7.903030
2863	3807.007666	71.033350	4.700304	2.431440	7.858368
2865	3809.090697	70.694358	4.670173	2.440923	7.965153
2867	3811.173864	61.708323	-1.816203	2.436013	7.883412
2869	3813.256123	63.393156	-4.591700	2.420303	8.207066
2871	3815.340106	64.639799	-1.373359	2.459934	8.068289
2873	3817.422522	14.259543	-2.037594	2.509331	8.176967
2875	3819.505814	67.736005	-2.475254	2.432409	8.164918
2877	3821.588954	60.236416	-1.675739	2.452167	7.865691
2879	3823.672003	64.140872	-2.141702	2.444813	8.189761
2881	3825.755080	50.866832	-6.041685	2.417703	8.235026
2883	3827.837790	62.861129	-1.103753	2.419307	8.189060
2885	3829.921142	64.239997	-1.995478	2.438959	8.338065
2887	3832.003865	60.985968	-5.511611	2.430861	7.941466
2889	3834.086500	59.896879	-1.029612	2.405566	8.108443
2891	3836.168979	68.117432	-3.257860	2.406885	7.775828
2893	3838.252045	56.432217	-1.820219	2.422010	8.238380
2895	3840.334655	80.864215	-4.230772	2.391220	7.930345
2897	3842.417340	68.050752	4.006829	2.436334	8.175295
2899	3844.500175	67.075064	-1.429338	2.432064	8.273906
2901	3846.583128	57.700048	-8.447333	2.438356	7.989466
2903	3848.665684	67.534920	4.313371	2.431216	8.026070
2905	3850.748226	69.211842	-0.249948	2.429791	8.008140
2907	3852.831221	63.898745	-0.189661	2.435500	8.099653
2909	3854.914156	54.344498	-2.917575	2.378972	8.254429
2911	3856.997116	45.496758	-3.663901	2.412448	8.081511
2913	3859.080114	57.699841	-1.427904	2.431414	8.166137
2915	3861.162863	61.250579	-1.024389	2.445437	8.145992
2917	3863.246128	70.878420	-2.783822	2.414537	8.145896
2919	3865.328832	64.621570	-3.168111	2.430671	8.262319
2921	3867.411839	64.924880	-1.881242	2.405511	8.093115
2923	3869.494860	63.079609	-1.062350	2.440183	8.033421
2925	3871.578183	29.362821	-5.360737	2.474348	7.953287
2927	3873.661326	68.447279	5.170179	2.417506	8.117650
2929	3875.744539	64.180071	-1.162087	2.417499	8.055762
2931	3877.827671	64.136441	-1.548486	2.421355	8.185227
2933	3879.910572	61.861141	-5.228374	2.417502	8.250560
2935	3881.993821	57.502908	-1.247282	2.418054	8.176623
2937	3884.076864	65.865274	-8.155723	2.432109	7.980742
2939	3886.159846	72.226569	5.383182	2.416402	7.963453
2941	3888.243103	67.057310	0.194447	2.420789	8.214689
2943	3890.326270	63.928114	-0.918873	2.411811	8.300950
2945	3892.409316	68.786427	-4.319818	2.409156	7.989439
2947	3894.492388	60.892393	-0.772082	2.396743	8.302081
2949	3896.575538	59.824183	1.251764	2.328401	8.119689
2951	3898.658661	66.779942	4.079415	2.421687	8.529869
2953	3900.741010	65.667299	0.028741	2.423360	8.295365
2955	3902.824498	68.295710	4.857568	2.425872	8.472448
2957	3904.907723	64.156839	-0.953125	2.401938	8.147740
2959	3906.990421	65.987120	-1.191128	2.414732	8.382423
2961	3909.073476	65.840177	-7.883573	2.429543	8.258920
2963	3911.156116	65.650054	-0.892514	2.415566	8.240407
2965	3913.238910	63.501032	-1.623721	2.387585	8.165716
2967	3915.321577	65.498563	-1.248290	2.403140	8.061645
2969	3917.404420	66.856283	-1.285283	2.421784	8.214968
2971	3919.487117	64.723549	-1.164086	2.421901	8.177252
2973	3921.569493	69.671469	-1.750876	2.408207	8.149527
2975	3923.652682	69.819707	3.494420	2.416488	8.341693
2977	3925.735248	66.430070	-0.853633	2.415029	8.089676
2979	3927.818200	68.139542	-1.443125	2.400284	8.058405
2981	3929.900616	70.688705	4.329723	2.403459	8.043014
2983	3931.984227	69.669797	0.273001	2.413391	8.117729
2985	3934.066761	66.604505	0.556656	2.421541	7.940182
2987	3936.149641	62.845042	-1.569959	2.363280	8.294904
2989	3938.232173	65.305804	-1.345412	2.391563	8.020610
2991	3940.315447	67.515779	0.051510	2.404395	8.256942
2993	3942.398473	66.204899	-0.526921	2.410885	8.257691
2995	3944.480910	65.425263	-0.978208	2.421058	8.001447
2997	3946.564008	61.041251	-0.459184	2.433955	8.122819
2999	3948.647208	66.540984	-1.397727	2.393366	8.089955
3001	3950.730055	68.374744	0.505604	2.417022	7.907713
3003	3952.813067	66.457972	3.518532	2.412510	7.929601
3005	3954.895789	59.388494	-1.034883	2.366775	7.961290
3007	3956.979409	57.826513	-2.927967	2.405863	8.220024
3009	3959.062354	63.207200	-0.000690	2.400111	8.415443
3011	3961.145562	61.846444	-6.832074	2.415833	8.280443
3013	3963.228874	67.504536	-0.655670	2.406131	8.153810
3015	3965.311821	63.461628	-0.800823	2.414817	8.436122
3017	3967.395069	64.443870	-1.059001	2.393480	8.265714
3019	3969.478308	66.738989	1.214217	2.415073	8.117587
3021	3971.560935	65.419480	-0.205014	2.403815	8.255224
3023	3973.643871	63.468944	-2.976199	2.394607	8.562711
3025	3975.727199	64.959948	-0.275840	2.401113	8.130647
3027	3977.810413	66.725316	-0.992177	2.398043	8.231836
3029	3979.893160	66.135850	-0.423223	2.408316	8.274899
3031	3981.975901	63.856071	0.437701	2.422941	8.218828
3033	3984.058955	65.840889	-0.558057	2.411476	8.417726
3035	3986.141386	64.226729	-0.579395	2.407061	8.600584
3037	3988.224959	64.074969	-0.036464	2.421604	7.935041
3039	3990.307919	59.507408	-1.999785	2.393097	8.145681
3041	3992.390782	58.790934	0.035448	2.408786	8.551049
3043	3994.473477	69.074196	-0.998491	2.402041	8.364729
3045	3996.556413	65.808539	1.248372	2.410479	8.210803
3047	3998.639063	65.756768	2.971534	2.411351	8.041178
3049	4000.721896	70.489976	4.518645	2.412338	8.194873
3051	4002.804754	66.473221	-0.088338	2.400446	8.357627
3053	4004.887073	64.268476	-0.367300	2.403810	8.189936
3055	4006.970076	65.127418	-0.356431	2.401084	8.133562
3057	4009.052888	76.518687	-3.581262	2.397389	8.182791
3059	4011.135656	59.606084	0.333884	2.406001	8.145915
3061	4013.218288	5.482173	-11.022769	3.595801	8.180439
3063	4015.301120	62.317443	-0.073622	2.392850	8.227916
3065	4017.383968	63.179069	-1.418035	2.386628	8.269011
3067	4019.466977	61.190344	0.137721	2.379606	8.218063
3069	4021.549992	69.388591	5.071165	2.393427	8.244724
3071	4023.632949	64.098636	0.434671	2.389157	8.346050
3073	4025.716302	64.971846	-0.178792	2.401057	8.283807
3075	4027.798762	58.387318	-4.140794	2.400656	8.195555
3077	4029.881978	69.818703	4.140573	2.409044	8.187472
3079	4031.964733	67.358030	1.197415	2.404992	8.241123
3081	4034.048309	66.269518	0.085752	2.403144	8.340113
3083	4036.131245	65.841192	-0.057929	2.404157	8.144195
3085	4038.214151	61.291093	0.491545	2.420964	8.345686
3087	4040.297400	67.983509	-0.351320	2.398259	8.196156
3089	4042.380372	62.661102	1.014066	2.381565	8.249643
3091	4044.463315	64.993985	-5.682990	2.268849	8.125626
3093	4046.546447	67.823256	3.483537	2.396498	8.058763
3095	4048.629257	73.019923	0.413295	2.401700	8.245981
3097	4050.712704	65.006357	1.543041	2.402379	8.374145
3099	4052.795702	66.153311	0.401612	2.398338	8.457199
3101	4054.878683	67.268383	-0.258357	2.390497	8.255357
3103	4056.961633	62.194980	1.082505	2.408213	8.368591
3105	4059.044775	70.273001	-0.847098	2.389582	8.538224
3107	4061.127768	67.291756	1.700793	2.408365	8.214711
3109	4063.210516	69.866043	4.394418	2.402416	8.362213
3111	4065.293456	69.619434	3.126666	2.410996	8.294550
3113	4067.376527	69.911802	3.892409	2.409079	8.271517
3115	4069.459180	72.579445	7.083708	2.406692	8.256397
3117	4071.542392	63.946320	0.923360	2.407059	8.272069
3119	4073.625322	66.413654	0.017650	2.388838	8.293404
3121	4075.707821	72.430275	5.436273	2.397090	8.274809
3123	4077.790729	67.720997	0.503062	2.397488	8.436726
3125	4079.873967	65.263289	-1.812922	2.384724	8.358538
3127	4081.956162	68.144358	2.228726	2.405737	8.365030
3129	4084.039113	61.348774	1.142737	2.413060	8.253378
3131	4086.122006	66.515250	0.430061	2.404066	8.302404
3133	4088.204811	60.270399	0.687591	2.417432	8.164751
3135	4090.287872	65.153102	0.972929	2.415397	8.202864
3137	4092.370436	69.658937	0.097809	2.397277	8.172875
3139	4094.453242	68.808179	4.183751	2.413069	8.088895
3141	4096.536135	60.513162	1.096559	2.383279	8.434141
3143	4098.619038	60.371562	0.715310	2.417813	8.309671
3145	4100.701961	66.380391	0.039503	2.375946	8.269416
3147	4102.784813	63.820564	1.390155	2.414306	8.402844
3149	4104.868004	67.436174	-2.804956	2.394928	8.378347
3151	4106.950829	60.135037	1.290873	2.397491	8.095773
3153	4109.033691	76.386995	-0.256834	2.445661	8.106721
3155	4111.116559	71.126052	3.784341	2.398741	7.995878
3157	4113.199508	63.307429	0.985571	2.402421	8.565049
3159	4115.282620	62.190761	0.255754	2.365868	8.475871
3161	4117.365665	73.171281	1.607918	2.409180	8.343675
3163	4119.448616	64.169010	3.777856	2.408779	8.185716
3165	4121.532008	66.341453	1.161241	2.404082	8.617222
3167	4123.614982	69.264722	0.545157	2.403800	8.436289
3169	4125.697917	69.129507	5.028232	2.398403	8.451955
3171	4127.781016	57.691296	0.754832	2.374763	8.206829
3173	4129.864140	66.996596	0.668465	2.403236	8.499963
3175	4131.947080	70.329750	0.521805	2.394704	8.577875
3177	4134.030006	65.735253	2.887860	2.402356	8.273567
3179	4136.113412	64.444555	1.164364	2.392594	8.491865
3181	4138.196514	59.682807	1.019132	2.413304	8.084555
3183	4140.279532	64.043543	2.086329	2.411490	8.515690
3185	4142.362440	63.168723	1.765610	2.417332	8.475691
3187	4144.445215	44.800514	-0.210138	2.413884	8.397116
3189	4146.528408	67.422233	0.897128	2.381453	8.350961
3191	4148.611330	64.286183	0.643865	2.381265	8.471679
3193	4150.693785	68.185912	1.531330	2.399767	8.131550
3195	4152.776835	69.484495	1.576923	2.387090	8.304096
3197	4154.859816	62.491239	1.488096	2.393682	8.190007
3199	4156.942702	66.376121	0.817545	2.396536	8.381676
3201	4159.025360	66.461667	1.655427	2.410211	8.247103
3203	4161.107943	62.225232	-5.292822	2.414597	8.153903
3205	4163.190795	59.805359	1.750232	2.394477	8.361469
3207	4165.273838	71.974987	-1.163628	2.397285	8.423980
3209	4167.356492	60.299500	1.725484	2.391466	8.341571
3211	4169.439393	67.726523	0.891626	2.397426	8.388278
3213	4171.522187	61.528779	1.864129	2.406793	8.102700
3215	4173.605195	67.563662	1.026698	2.384569	8.096529
3217	4175.687517	61.943598	1.710406	2.396526	8.603171
3219	4177.770184	63.441656	1.801389	2.413308	8.379085
3221	4179.853466	65.842665	1.200401	2.400444	8.250079
3223	4181.935813	64.176100	1.449759	2.394539	8.247165
3225	4184.018937	65.494935	1.309991	2.399554	8.375302
3227	4186.101824	67.177938	0.363178	2.396833	8.222143
3229	4188.185199	61.531947	1.759522	2.391008	8.381812
3231	4190.268153	65.517601	1.601735	2.397823	8.210292
3233	4192.350821	58.675605	-5.081972	2.414483	8.387812
3235	4194.434034	65.688408	3.058547	2.404873	8.374092
3237	4196.516682	65.944044	2.737637	2.401893	8.491941
3239	4198.599720	67.693676	3.949040	2.408812	8.336030
3241	4200.682824	67.412096	3.261441	2.403894	8.311699
3243	4202.766093	65.773201	0.887262	2.367294	8.362030
3245	4204.848921	65.762462	1.961425	2.414025	8.287368
3247	4206.931506	64.945016	1.625584	2.395944	8.441731
3249	4209.014913	67.267215	1.569830	2.404929	8.691116
3251	4211.098173	68.238101	1.226522	2.400660	8.422960
3253	4213.181189	66.709848	1.926043	2.406665	8.526315
3255	4215.264178	66.600227	1.176299	2.392162	8.564160
3257	4217.347581	69.799211	3.196435	2.409298	8.478420
3259	4219.430201	74.046834	7.205826	2.411941	8.487617
3261	4221.513377	72.203266	2.619429	2.414134	8.524722
3263	4223.596189	62.164932	1.417495	2.380219	8.197790
3265	4225.679595	64.269047	1.696041	2.403338	8.567267
3267	4227.762256	69.150543	1.272560	2.425903	8.423201
3269	4229.844931	65.524144	2.895292	2.398166	8.198835
3271	4231.928069	62.608573	1.885836	2.390626	8.278301
3273	4234.011039	65.568799	1.636631	2.408607	8.341558
3275	4236.094002	60.215254	1.819822	2.422351	8.262667
3277	4238.176611	66.008305	1.248922	2.384029	8.373727
3279	4240.259591	59.945866	2.285462	2.396593	8.474388
3281	4242.342584	61.502467	2.250255	2.417899	8.453689
3283	4244.425293	62.226053	2.531551	2.426403	8.417610
3285	4246.507845	65.378604	1.858138	2.402721	8.477184
3287	4248.590968	66.276203	1.828068	2.405513	8.478188
3289	4250.673666	10.345602	0.440640	2.521588	8.722920
3291	4252.756279	62.758731	5.042581	2.442377	8.082160
3293	4254.839292	67.258809	5.737599	2.427990	8.493890
3295	4256.922334	70.744111	3.885890	2.410227	8.521460
